inf -7.461100730e-08 -7.437936732e-08 -7.418111222e-08 -7.359696156e-08 -6.745680423e-08 -6.626800270e-08 -6.682610289e-08 -6.675153458e-08 -6.661930875e-08 -6.653320963e-08 -6.633187386e-08 -6.629388585e-08 -6.621490452e-08 -6.537849770e-08 -6.305754338e-08 -6.298015808e-08 -6.274938581e-08 -6.268856709e-08 -6.192198366e-08 -6.191640830e-08 -6.189105505e-08 -6.189037376e-08 -6.188457529e-08 -6.187333574e-08 -6.184921245e-08 -6.184852881e-08 -6.157921077e-08 -6.157863440e-08 -6.157491581e-08 -6.156896581e-08 -6.153782576e-08 -6.120512095e-08 -6.141959874e-08 -6.139380554e-08
7.461100730e-08 inf -2.395752059e-05 -1.287460091e-05 -5.415084573e-06 -7.035053478e-07 -5.926309135e-07 -6.404655205e-07 -6.336810893e-07 -6.219621152e-07 -6.145375257e-07 -5.977784949e-07 -5.947073916e-07 -5.884111780e-07 -5.283455727e-07 -4.072187237e-07 -4.040128925e-07 -3.947010862e-07 -3.923070326e-07 -3.640990598e-07 -3.639063821e-07 -3.630323344e-07 -3.630088954e-07 -3.628095052e-07 -3.624235311e-07 -3.615974160e-07 -3.615740501e-07 -3.525597513e-07 -3.525408595e-07 -3.524190127e-07 -3.522241944e-07 -3.512074818e-07 -3.406395972e-07 -3.473911153e-07 -3.465675834e-07
7.437936732e-08 2.395752059e-05 inf -2.783052891e-05 -6.996491725e-06 -7.247885442e-07 -6.076625016e-07 -6.580576256e-07 -6.508974539e-07 -6.385392575e-07 -6.307161079e-07 -6.130757156e-07 -6.098458460e-07 -6.032267924e-07 -5.402601640e-07 -4.142601234e-07 -4.109429184e-07 -4.013127290e-07 -3.988380495e-07 -3.697179195e-07 -3.695192507e-07 -3.686180659e-07 -3.685939000e-07 -3.683883290e-07 -3.679904001e-07 -3.671387416e-07 -3.671146540e-07 -3.578255249e-07 -3.578060645e-07 -3.576805516e-07 -3.574798744e-07 -3.564326389e-07 -3.455528342e-07 -3.525025056e-07 -3.516545907e-07
7.418111222e-08 1.287460091e-05 2.783052891e-05 inf -9.346055375e-06 -7.441688831e-07 -6.212266029e-07 -6.739943372e-07 -6.664851375e-07 -6.535338345e-07 -6.453413118e-07 -6.268853043e-07 -6.235086903e-07 -6.165914130e-07 -5.509555898e-07 -4.205195985e-07 -4.171018036e-07 -4.071842751e-07 -4.046368823e-07 -3.746956072e-07 -3.744915542e-07 -3.735659838e-07 -3.735411648e-07 -3.733300400e-07 -3.729213695e-07 -3.720467611e-07 -3.720220253e-07 -3.624861185e-07 -3.624661479e-07 -3.623373449e-07 -3.621314098e-07 -3.610567847e-07 -3.498972718e-07 -3.570245923e-07 -3.561548096e-07
7.359696156e-08 5.415084573e-06 6.996491725e-06 9.346055375e-06 inf -8.085486360e-07 -6.654592752e-07 -7.263773133e-07 -7.176630675e-07 -7.026687686e-07 -6.932069704e-07 -6.719567023e-07 -6.680785965e-07 -6.601433393e-07 -5.854693610e-07 -4.403320486e-07 -4.365860481e-07 -4.257323705e-07 -4.229484071e-07 -3.903450518e-07 -3.901236031e-07 -3.891192531e-07 -3.890923245e-07 -3.888632602e-07 -3.884198951e-07 -3.874711716e-07 -3.874443423e-07 -3.771123970e-07 -3.770907823e-07 -3.769513779e-07 -3.767285011e-07 -3.755656353e-07 -3.635062034e-07 -3.712048262e-07 -3.702646707e-07
6.745680423e-08 7.035053478e-07 7.247885442e-07 7.441688831e-07 8.085486360e-07 inf -3.760280893e-06 -7.147400907e-06 -6.384572425e-06 -5.365910332e-06 -4.859402261e-06 -3.977611711e-06 -3.845475091e-06 -3.596623627e-06 -2.122027936e-06 -9.669034191e-07 -9.490230071e-07 -8.991920106e-07 -8.868624344e-07 -7.546873609e-07 -7.538600285e-07 -7.501187427e-07 -7.500186782e-07 -7.491680121e-07 -7.475241417e-07 -7.440181766e-07 -7.439192599e-07 -7.067410818e-07 -7.066651705e-07 -7.061757616e-07 -7.053939617e-07 -7.013279543e-07 -6.604144311e-07 -6.862727886e-07 -6.830662726e-07
6.626800270e-08 5.926309135e-07 6.076625016e-07 6.212266029e-07 6.654592752e-07 3.760280893e-06 inf 7.934834004e-06 9.148292178e-06 1.256661693e-05 1.662484053e-05 6.882106026e-05 1.697306491e-04 -8.263803666e-05 -4.870689270e-06 -1.301588663e-06 -1.269393711e-06 -1.181792903e-06 -1.160586916e-06 -9.441850446e-07 -9.428904298e-07 -9.370449281e-07 -9.368887838e-07 -9.355617916e-07 -9.329995679e-07 -9.275443144e-07 -9.273905848e-07 -8.703161415e-07 -8.702010272e-07 -8.694590098e-07 -8.682741770e-07 -8.621218303e-07 -8.011131439e-07 -8.394832957e-07 -8.346902541e-07
6.682610289e-08 6.404655205e-07 6.580576256e-07 6.739943372e-07 7.263773133e-07 7.147400907e-06 -7.934834004e-06 inf -5.982091628e-05 -2.152821515e-05 -1.518012093e-05 -8.968919947e-06 -8.323976273e-06 -7.239685554e-06 -3.018081340e-06 -1.118169919e-06 -1.094326292e-06 -1.028596498e-06 -1.012494595e-06 -8.437814535e-07 -8.427473842e-07 -8.380745517e-07 -8.379496471e-07 -8.368879684e-07 -8.348371264e-07 -8.304667102e-07 -8.303434734e-07 -7.842926014e-07 -7.841991175e-07 -7.835964688e-07 -7.826339655e-07 -7.776319153e-07 -7.276486118e-07 -7.591656847e-07 -7.552437756e-07
6.675153458e-08 6.336810893e-07 6.508974539e-07 6.664851375e-07 7.176630675e-07 6.384572425e-06 -9.148292178e-06 5.982091628e-05 inf -3.363141065e-05 -2.034212733e-05 -1.055079541e-05 -9.669465559e-06 -8.236487002e-06 -3.178439797e-06 -1.139468820e-06 -1.114718248e-06 -1.046592229e-06 -1.029926543e-06 -8.558533716e-07 -8.547895206e-07 -8.499825733e-07 -8.498540943e-07 -8.487620552e-07 -8.466526774e-07 -8.421580087e-07 -8.420312780e-07 -7.947118098e-07 -7.946158257e-07 -7.939970667e-07 -7.930088596e-07 -7.878737473e-07 -7.366085581e-07 -7.689238197e-07 -7.649007072e-07
6.661930875e-08 6.219621152e-07 6.385392575e-07 6.535338345e-07 7.026687686e-07 5.365910332e-06 -1.256661693e-05 2.152821515e-05 3.363141065e-05 inf -5.148016048e-05 -1.537385937e-05 -1.357142610e-05 -1.090787594e-05 -3.510180158e-06 -1.179429164e-06 -1.152932367e-06 -1.080207739e-06 -1.062463365e-06 -8.782018853e-07 -8.770817856e-07 -8.720215880e-07 -8.718863606e-07 -8.707370041e-07 -8.685171291e-07 -8.637879653e-07 -8.636546416e-07 -8.139453772e-07 -8.138446911e-07 -8.131956355e-07 -8.121590927e-07 -8.067738141e-07 -7.531033273e-07 -7.869152713e-07 -7.827022047e-07
6.653320963e-08 6.145375257e-07 6.307161079e-07 6.453413118e-07 6.932069704e-07 4.859402261e-06 -1.662484053e-05 1.518012093e-05 2.034212733e-05 5.148016048e-05 inf -2.191996198e-05 -1.843003215e-05 -1.384046302e-05 -3.767035897e-06 -1.207083894e-06 -1.179344572e-06 -1.103359522e-06 -1.084852892e-06 -8.934431640e-07 -8.922838737e-07 -8.870472670e-07 -8.869073396e-07 -8.857180665e-07 -8.834212491e-07 -8.785288409e-07 -8.783909283e-07 -8.270212913e-07 -8.269173445e-07 -8.262472786e-07 -8.251772180e-07 -8.196185049e-07 -7.642840393e-07 -7.991306195e-07 -7.947860992e-07
6.633187386e-08 5.977784949e-07 6.130757156e-07 6.268853043e-07 6.719567023e-07 3.977611711e-06 -6.882106026e-05 8.968919947e-06 1.055079541e-05 1.537385937e-05 2.191996198e-05 inf -1.157575149e-04 -3.754965807e-05 -4.548758876e-06 -1.277429093e-06 -1.246403984e-06 -1.161841795e-06 -1.141339555e-06 -9.314066849e-07 -9.301468516e-07 -9.244578145e-07 -9.243058365e-07 -9.230142249e-07 -9.205201768e-07 -9.152094661e-07 -9.150597978e-07 -8.594475057e-07 -8.593352484e-07 -8.586116380e-07 -8.574561651e-07 -8.514556404e-07 -7.918950710e-07 -8.293666333e-07 -8.246880961e-07
6.629388585e-08 5.947073916e-07 6.098458460e-07 6.235086903e-07 6.680785965e-07 3.845475091e-06 -1.697306491e-04 8.323976273e-06 9.669465559e-06 1.357142610e-05 1.843003215e-05 1.157575149e-04 inf -5.557824086e-05 -4.734816234e-06 -1.291683320e-06 -1.259970553e-06 -1.173621266e-06 -1.152704932e-06 -9.389617473e-07 -9.376814070e-07 -9.319001161e-07 -9.317456816e-07 -9.304332083e-07 -9.278989609e-07 -9.225030185e-07 -9.223509553e-07 -8.658762476e-07 -8.657623047e-07 -8.650278346e-07 -8.638550398e-07 -8.577649396e-07 -7.973497261e-07 -8.353516685e-07 -8.306055566e-07
6.621490452e-08 5.884111780e-07 6.032267924e-07 6.165914130e-07 6.601433393e-07 3.596623627e-06 8.263803666e-05 7.239685554e-06 8.236487002e-06 1.090787594e-05 1.384046302e-05 3.754965807e-05 5.557824086e-05 inf -5.175748074e-06 -1.322417370e-06 -1.289196922e-06 -1.198938728e-06 -1.177118631e-06 -9.550975598e-07 -9.537728678e-07 -9.477920828e-07 -9.476323366e-07 -9.462747579e-07 -9.436536012e-07 -9.380734207e-07 -9.379161814e-07 -8.795795792e-07 -8.794620015e-07 -8.787041134e-07 -8.774939671e-07 -8.712107417e-07 -8.089553530e-07 -8.480987562e-07 -8.432071162e-07
6.537849770e-08 5.283455727e-07 5.402601640e-07 5.509555898e-07 5.854693610e-07 2.122027936e-06 4.870689270e-06 3.018081340e-06 3.178439797e-06 3.510180158e-06 3.767035897e-06 4.548758876e-06 4.734816234e-06 5.175748074e-06 inf -1.776255319e-06 -1.716832797e-06 -1.560397864e-06 -1.523639431e-06 -1.171228070e-06 -1.169236635e-06 -1.160261142e-06 -1.160021756e-06 -1.157988097e-06 -1.154065284e-06 -1.145730170e-06 -1.145495620e-06 -1.059661025e-06 -1.059490379e-06 -1.058390643e-06 -1.056635461e-06 -1.047538207e-06 -9.588156292e-07 -1.014302496e-06 -1.007313641e-06
6.305754338e-08 4.072187237e-07 4.142601234e-07 4.205195985e-07 4.403320486e-07 9.669034191e-07 1.301588663e-06 1.118169919e-06 1.139468820e-06 1.179429164e-06 1.207083894e-06 1.277429093e-06 1.291683320e-06 1.322417370e-06 1.776255319e-06 inf -5.131948799e-05 -1.284025615e-05 -1.071339044e-05 -3.438522964e-06 -3.421414938e-06 -3.345681019e-06 -3.343691315e-06 -3.326850338e-06 -3.294676038e-06 -3.227641771e-06 -3.225781054e-06 -2.626630648e-06 -2.625582416e-06 -2.618839002e-06 -2.608119186e-06 -2.553384957e-06 -2.083458123e-06 -2.364529861e-06 -2.326894568e-06
6.298015808e-08 4.040128925e-07 4.109429184e-07 4.171018036e-07 4.365860481e-07 9.490230071e-07 1.269393711e-06 1.094326292e-06 1.114718248e-06 1.152932367e-06 1.179344572e-06 1.246403984e-06 1.259970553e-06 1.289196922e-06 1.716832797e-06 5.131948799e-05 inf -1.712496169e-05 -1.353997910e-05 -3.685457005e-06 -3.665810577e-06 -3.579007957e-06 -3.576731148e-06 -3.557467651e-06 -3.520702747e-06 -3.444262096e-06 -3.442143319e-06 -2.768318545e-06 -2.767154199e-06 -2.759665004e-06 -2.747763911e-06 -2.687079765e-06 -2.171621156e-06 -2.478736914e-06 -2.437410014e-06
6.274938581e-08 3.947010862e-07 4.013127290e-07 4.071842751e-07 4.257323705e-07 8.991920106e-07 1.181792903e-06 1.028596498e-06 1.046592229e-06 1.080207739e-06 1.103359522e-06 1.161841795e-06 1.173621266e-06 1.198938728e-06 1.560397864e-06 1.284025615e-05 1.712496169e-05 inf -6.467859114e-05 -4.696103874e-06 -4.664251494e-06 -4.524625978e-06 -4.520987718e-06 -4.490254211e-06 -4.431840052e-06 -4.311391830e-06 -4.308072422e-06 -3.302119342e-06 -3.300462809e-06 -3.289814231e-06 -3.272915379e-06 -3.187180659e-06 -2.486998074e-06 -2.898240013e-06 -2.841900001e-06
6.268856709e-08 3.923070326e-07 3.988380495e-07 4.046368823e-07 4.229484071e-07 8.868624344e-07 1.160586916e-06 1.012494595e-06 1.029926543e-06 1.062463365e-06 1.084852892e-06 1.141339555e-06 1.152704932e-06 1.177118631e-06 1.523639431e-06 1.071339044e-05 1.353997910e-05 6.467859114e-05 inf -5.063767714e-06 -5.026752225e-06 -4.864956664e-06 -4.860750753e-06 -4.825242415e-06 -4.757852756e-06 -4.619309039e-06 -4.615498768e-06 -3.479776869e-06 -3.477937343e-06 -3.466114823e-06 -3.447361388e-06 -3.352376423e-06 -2.586451378e-06 -3.034202257e-06 -2.972508471e-06
6.192198366e-08 3.640990598e-07 3.697179195e-07 3.746956072e-07 3.903450518e-07 7.546873609e-07 9.441850446e-07 8.437814535e-07 8.558533716e-07 8.782018853e-07 8.934431640e-07 9.314066849e-07 9.389617473e-07 9.550975598e-07 1.171228070e-06 3.438522964e-06 3.685457005e-06 4.696103874e-06 5.063767714e-06 inf -6.876663393e-04 -1.239116765e-04 -1.212396867e-04 -1.024373801e-04 -7.875607421e-05 -5.262830776e-05 -5.213792714e-05 -1.112429520e-05 -1.110551743e-05 -1.098586585e-05 -1.079965910e-05 -9.919213440e-06 -5.286845604e-06 -7.570337469e-06 -7.197621467e-06
6.191640830e-08 3.639063821e-07 3.695192507e-07 3.744915542e-07 3.901236031e-07 7.538600285e-07 9.428904298e-07 8.427473842e-07 8.547895206e-07 8.770817856e-07 8.922838737e-07 9.301468516e-07 9.376814070e-07 9.537728678e-07 1.169236635e-06 3.421414938e-06 3.665810577e-06 4.664251494e-06 5.026752225e-06 6.876663393e-04 inf -1.511471116e-04 -1.471901987e-04 -1.203678271e-04 -8.894233577e-05 -5.698983989e-05 -5.641525510e-05 -1.130721058e-05 -1.128781075e-05 -1.116422070e-05 -1.097197167e-05 -1.006438675e-05 -5.327806296e-06 -7.654604998e-06 -7.273753923e-06
6.189105505e-08 3.630323344e-07 3.686180659e-07 3.735659838e-07 3.891192531e-07 7.501187427e-07 9.370449281e-07 8.380745517e-07 8.499825733e-07 8.720215880e-07 8.870472670e-07 9.244578145e-07 9.319001161e-07 9.477920828e-07 1.160261142e-06 3.345681019e-06 3.579007957e-06 4.524625978e-06 4.864956664e-06 1.239116765e-04 1.511471116e-04 inf -5.622406637e-03 -5.910874690e-04 -2.161148717e-04 -9.148363724e-05 -9.001198933e-05 -1.222149191e-05 -1.219883112e-05 -1.205461397e-05 -1.183078417e-05 -1.078234766e-05 -5.522468586e-06 -8.062939754e-06 -7.641490500e-06
6.189037376e-08 3.630088954e-07 3.685939000e-07 3.735411648e-07 3.890923245e-07 7.500186782e-07 9.368887838e-07 8.379496471e-07 8.498540943e-07 8.718863606e-07 8.869073396e-07 9.243058365e-07 9.317456816e-07 9.476323366e-07 1.160021756e-06 3.343691315e-06 3.576731148e-06 4.520987718e-06 4.860750753e-06 1.212396867e-04 1.471901987e-04 5.622406637e-03 inf -6.605293756e-04 -2.247539981e-04 -9.299681250e-05 -9.147648323e-05 -1.224811578e-05 -1.222535625e-05 -1.208051497e-05 -1.185573125e-05 -1.080306519e-05 -5.527898226e-06 -8.074519201e-06 -7.651890290e-06
6.188457529e-08 3.628095052e-07 3.683883290e-07 3.733300400e-07 3.888632602e-07 7.491680121e-07 9.355617916e-07 8.368879684e-07 8.487620552e-07 8.707370041e-07 8.857180665e-07 9.230142249e-07 9.304332083e-07 9.462747579e-07 1.157988097e-06 3.326850338e-06 3.557467651e-06 4.490254211e-06 4.825242415e-06 1.024373801e-04 1.203678271e-04 5.910874690e-04 6.605293756e-04 inf -3.406723410e-04 -1.082354221e-04 -1.061815258e-04 -1.247952204e-05 -1.245589521e-05 -1.230557334e-05 -1.207241704e-05 -1.098268885e-05 -5.574551035e-06 -8.174446207e-06 -7.741572392e-06
6.187333574e-08 3.624235311e-07 3.679904001e-07 3.729213695e-07 3.884198951e-07 7.475241417e-07 9.329995679e-07 8.348371264e-07 8.466526774e-07 8.685171291e-07 8.834212491e-07 9.205201768e-07 9.278989609e-07 9.436536012e-07 1.154065284e-06 3.294676038e-06 3.520702747e-06 4.431840052e-06 4.757852756e-06 7.875607421e-05 8.894233577e-05 2.161148717e-04 2.247539981e-04 3.406723410e-04 inf -1.586357915e-04 -1.542623702e-04 -1.295405549e-05 -1.292859951e-05 -1.276672577e-05 -1.251594500e-05 -1.134854642e-05 -5.667287007e-06 -8.375414610e-06 -7.921585622e-06
6.184921245e-08 3.615974160e-07 3.671387416e-07 3.720467611e-07 3.874711716e-07 7.440181766e-07 9.275443144e-07 8.304667102e-07 8.421580087e-07 8.637879653e-07 8.785288409e-07 9.152094661e-07 9.225030185e-07 9.380734207e-07 1.145730170e-06 3.227641771e-06 3.444262096e-06 4.311391830e-06 4.619309039e-06 5.262830776e-05 5.698983989e-05 9.148363724e-05 9.299681250e-05 1.082354221e-04 1.586357915e-04 inf -5.595512454e-03 -1.410593327e-05 -1.407575418e-05 -1.388409282e-05 -1.358800251e-05 -1.222295687e-05 -5.877252726e-06 -8.842254713e-06 -8.337946630e-06
6.184852881e-08 3.615740501e-07 3.671146540e-07 3.720220253e-07 3.874443423e-07 7.439192599e-07 9.273905848e-07 8.303434734e-07 8.420312780e-07 8.636546416e-07 8.783909283e-07 9.150597978e-07 9.223509553e-07 9.379161814e-07 1.145495620e-06 3.225781054e-06 3.442143319e-06 4.308072422e-06 4.615498768e-06 5.213792714e-05 5.641525510e-05 9.001198933e-05 9.147648323e-05 1.061815258e-04 1.542623702e-04 5.595512454e-03 inf -1.414158330e-05 -1.411125164e-05 -1.391862898e-05 -1.362107960e-05 -1.224971541e-05 -5.883432396e-06 -8.856249716e-06 -8.350389656e-06
6.157921077e-08 3.525597513e-07 3.578255249e-07 3.624861185e-07 3.771123970e-07 7.067410818e-07 8.703161415e-07 7.842926014e-07 7.947118098e-07 8.139453772e-07 8.270212913e-07 8.594475057e-07 8.658762476e-07 8.795795792e-07 1.059661025e-06 2.626630648e-06 2.768318545e-06 3.302119342e-06 3.479776869e-06 1.112429520e-05 1.130721058e-05 1.222149191e-05 1.224811578e-05 1.247952204e-05 1.295405549e-05 1.410593327e-05 1.414158330e-05 inf -6.579113704e-03 -8.828330899e-04 -3.700715869e-04 -9.156578592e-05 -1.007502167e-05 -2.369602430e-05 -2.039091388e-05
6.157863440e-08 3.525408595e-07 3.578060645e-07 3.624661479e-07 3.770907823e-07 7.066651705e-07 8.702010272e-07 7.841991175e-07 7.946158257e-07 8.138446911e-07 8.269173445e-07 8.593352484e-07 8.657623047e-07 8.794620015e-07 1.059490379e-06 2.625582416e-06 2.767154199e-06 3.300462809e-06 3.477937343e-06 1.110551743e-05 1.128781075e-05 1.219883112e-05 1.222535625e-05 1.245589521e-05 1.292859951e-05 1.407575418e-05 1.411125164e-05 6.579113704e-03 inf -1.019658207e-03 -3.921286090e-04 -9.285815297e-05 -1.009047386e-05 -2.378167889e-05 -2.045430875e-05
6.157491581e-08 3.524190127e-07 3.576805516e-07 3.623373449e-07 3.769513779e-07 7.061757616e-07 8.694590098e-07 7.835964688e-07 7.939970667e-07 8.131956355e-07 8.262472786e-07 8.586116380e-07 8.650278346e-07 8.787041134e-07 1.058390643e-06 2.618839002e-06 2.759665004e-06 3.289814231e-06 3.466114823e-06 1.098586585e-05 1.116422070e-05 1.205461397e-05 1.208051497e-05 1.230557334e-05 1.276672577e-05 1.388409282e-05 1.391862898e-05 8.828330899e-04 1.019658207e-03 inf -6.371606305e-04 -1.021618173e-04 -1.019132659e-05 -2.434958890e-05 -2.087302083e-05
6.156896581e-08 3.522241944e-07 3.574798744e-07 3.621314098e-07 3.767285011e-07 7.053939617e-07 8.682741770e-07 7.826339655e-07 7.930088596e-07 8.121590927e-07 8.251772180e-07 8.574561651e-07 8.638550398e-07 8.774939671e-07 1.056635461e-06 2.608119186e-06 2.747763911e-06 3.272915379e-06 3.447361388e-06 1.079965910e-05 1.097197167e-05 1.183078417e-05 1.185573125e-05 1.207241704e-05 1.251594500e-05 1.358800251e-05 1.362107960e-05 3.700715869e-04 3.921286090e-04 6.371606305e-04 inf -1.216703407e-04 -1.035698564e-05 -2.531710162e-05 -2.157996836e-05
6.153782576e-08 3.512074818e-07 3.564326389e-07 3.610567847e-07 3.755656353e-07 7.013279543e-07 8.621218303e-07 7.776319153e-07 7.878737473e-07 8.067738141e-07 8.196185049e-07 8.514556404e-07 8.577649396e-07 8.712107417e-07 1.047538207e-06 2.553384957e-06 2.687079765e-06 3.187180659e-06 3.352376423e-06 9.919213440e-06 1.006438675e-05 1.078234766e-05 1.080306519e-05 1.098268885e-05 1.134854642e-05 1.222295687e-05 1.224971541e-05 9.156578592e-05 9.285815297e-05 1.021618173e-04 1.216703407e-04 inf -1.132063597e-05 -3.196924576e-05 -2.623271390e-05
6.120512095e-08 3.406395972e-07 3.455528342e-07 3.498972718e-07 3.635062034e-07 6.604144311e-07 8.011131439e-07 7.276486118e-07 7.366085581e-07 7.531033273e-07 7.642840393e-07 7.918950710e-07 7.973497261e-07 8.089553530e-07 9.588156292e-07 2.083458123e-06 2.171621156e-06 2.486998074e-06 2.586451378e-06 5.286845604e-06 5.327806296e-06 5.522468586e-06 5.527898226e-06 5.574551035e-06 5.667287007e-06 5.877252726e-06 5.883432396e-06 1.007502167e-05 1.009047386e-05 1.019132659e-05 1.035698564e-05 1.132063597e-05 inf 1.752719419e-05 1.991479699e-05
6.141959874e-08 3.473911153e-07 3.525025056e-07 3.570245923e-07 3.712048262e-07 6.862727886e-07 8.394832957e-07 7.591656847e-07 7.689238197e-07 7.869152713e-07 7.991306195e-07 8.293666333e-07 8.353516685e-07 8.480987562e-07 1.014302496e-06 2.364529861e-06 2.478736914e-06 2.898240013e-06 3.034202257e-06 7.570337469e-06 7.654604998e-06 8.062939754e-06 8.074519201e-06 8.174446207e-06 8.375414610e-06 8.842254713e-06 8.856249716e-06 2.369602430e-05 2.378167889e-05 2.434958890e-05 2.531710162e-05 3.196924576e-05 -1.752719419e-05 inf -1.461928738e-04
6.139380554e-08 3.465675834e-07 3.516545907e-07 3.561548096e-07 3.702646707e-07 6.830662726e-07 8.346902541e-07 7.552437756e-07 7.649007072e-07 7.827022047e-07 7.947860992e-07 8.246880961e-07 8.306055566e-07 8.432071162e-07 1.007313641e-06 2.326894568e-06 2.437410014e-06 2.841900001e-06 2.972508471e-06 7.197621467e-06 7.273753923e-06 7.641490500e-06 7.651890290e-06 7.741572392e-06 7.921585622e-06 8.337946630e-06 8.350389656e-06 2.039091388e-05 2.045430875e-05 2.087302083e-05 2.157996836e-05 2.623271390e-05 -1.991479699e-05 1.461928738e-04 inf
