-100.000E-03 -12.170E-03 -63.438E-03
-99.900E-03 +143.106E-03 -61.509E-03
-99.800E-03 +231.046E-03 -59.328E-03
-99.700E-03 +383.810E-03 -56.896E-03
-99.600E-03 +478.785E-03 -54.418E-03
-99.500E-03 +593.357E-03 -51.755E-03
-99.400E-03 +692.855E-03 -49.087E-03
-99.300E-03 +790.342E-03 -46.318E-03
-99.200E-03 +835.066E-03 -43.298E-03
-99.100E-03 +944.111E-03 -40.403E-03
-99.000E-03 +997.880E-03 -37.283E-03
-98.900E-03 +1.033558E+00 -33.926E-03
-98.800E-03 +1.119488E+00 -30.192E-03
-98.700E-03 +1.180292E+00 -26.207E-03
-98.600E-03 +1.206423E+00 -21.780E-03
-98.500E-03 +1.239086E+00 -16.880E-03
-98.400E-03 +1.317981E+00 -11.574E-03
-98.300E-03 +1.373257E+00 -6.107E-03
-98.200E-03 +1.407428E+00 -318E-06
-98.100E-03 +1.432051E+00 +5.843E-03
-98.000E-03 +1.528031E+00 +12.240E-03
-97.900E-03 +1.595870E+00 +18.888E-03
-97.800E-03 +1.639589E+00 +25.597E-03
-97.700E-03 +1.767227E+00 +32.351E-03
-97.600E-03 +1.826021E+00 +38.959E-03
-97.500E-03 +1.972754E+00 +45.356E-03
-97.400E-03 +2.124011E+00 +51.647E-03
-97.300E-03 +2.249639E+00 +57.476E-03
-97.200E-03 +2.412955E+00 +62.717E-03
-97.100E-03 +2.614463E+00 +67.326E-03
-97.000E-03 +2.822001E+00 +71.160E-03
-96.900E-03 +3.030041E+00 +74.275E-03
-96.800E-03 +3.226021E+00 +76.813E-03
-96.700E-03 +3.413960E+00 +78.758E-03
-96.600E-03 +3.594865E+00 +80.240E-03
-96.500E-03 +3.759187E+00 +81.436E-03
-96.400E-03 +3.838081E+00 +82.321E-03
-96.300E-03 +3.959689E+00 +82.939E-03
-96.200E-03 +4.007930E+00 +83.411E-03
-96.100E-03 +4.030041E+00 +83.893E-03
-96.000E-03 +4.085820E+00 +84.250E-03
-95.900E-03 +4.151649E+00 +84.552E-03
-95.800E-03 +4.183810E+00 +84.712E-03
-95.700E-03 +4.196373E+00 +84.929E-03
-95.600E-03 +4.196373E+00 +85.049E-03
-95.500E-03 +4.196373E+00 +85.054E-03
-95.400E-03 +4.196373E+00 +85.054E-03
-95.300E-03 +4.183810E+00 +85.054E-03
-95.200E-03 +4.167227E+00 +85.054E-03
-95.100E-03 +4.133558E+00 +85.054E-03
-95.000E-03 +4.095870E+00 +84.929E-03
-94.900E-03 +4.060192E+00 +84.929E-03
-94.800E-03 +4.037076E+00 +84.803E-03
-94.700E-03 +4.020493E+00 +84.803E-03
-94.600E-03 +4.020493E+00 +84.803E-03
-94.500E-03 +4.007930E+00 +84.677E-03
-94.400E-03 +4.007428E+00 +84.677E-03
-94.300E-03 +3.995367E+00 +84.677E-03
-94.200E-03 +3.961197E+00 +84.461E-03
-94.100E-03 +3.938081E+00 +84.426E-03
-94.000E-03 +3.889840E+00 +84.426E-03
-93.900E-03 +3.857177E+00 +84.396E-03
-93.800E-03 +3.832051E+00 +84.300E-03
-93.700E-03 +3.819488E+00 +84.175E-03
-93.600E-03 +3.806925E+00 +84.079E-03
-93.500E-03 +3.774262E+00 +83.974E-03
-93.400E-03 +3.726021E+00 +83.924E-03
-93.300E-03 +3.661699E+00 +83.763E-03
-93.200E-03 +3.616976E+00 +83.657E-03
-93.100E-03 +3.544111E+00 +83.421E-03
-93.000E-03 +3.419991E+00 +83.069E-03
-92.900E-03 +3.355669E+00 +82.712E-03
-92.800E-03 +3.204413E+00 +82.295E-03
-92.700E-03 +3.041096E+00 +81.748E-03
-92.600E-03 +2.869237E+00 +81.265E-03
-92.500E-03 +2.739086E+00 +80.657E-03
-92.400E-03 +2.592352E+00 +80.049E-03
-92.300E-03 +2.420493E+00 +79.567E-03
-92.200E-03 +2.323508E+00 +79.084E-03
-92.100E-03 +2.206925E+00 +78.682E-03
-92.000E-03 +2.105920E+00 +78.245E-03
-91.900E-03 +1.997378E+00 +77.888E-03
-91.800E-03 +1.901900E+00 +77.406E-03
-91.700E-03 +1.800393E+00 +76.924E-03
-91.600E-03 +1.668232E+00 +76.371E-03
-91.500E-03 +1.568232E+00 +75.707E-03
-91.400E-03 +1.404413E+00 +75.069E-03
-91.300E-03 +1.253659E+00 +74.356E-03
-91.200E-03 +1.135066E+00 +73.516E-03
-91.100E-03 +986.322E-03 +72.647E-03
-91.000E-03 +814.463E-03 +71.712E-03
-90.900E-03 +694.362E-03 +70.748E-03
-90.800E-03 +583.810E-03 +69.783E-03
-90.700E-03 +437.076E-03 +68.944E-03
-90.600E-03 +365.719E-03 +68.099E-03
-90.500E-03 +246.624E-03 +67.140E-03
-90.400E-03 +180.795E-03 +66.300E-03
-90.300E-03 +57.679E-03 +65.210E-03
-90.200E-03 -36.793E-03 +63.954E-03
-90.100E-03 -202.623E-03 +62.506E-03
-90.000E-03 -313.678E-03 +60.808E-03
-89.900E-03 -422.723E-03 +58.878E-03
-89.800E-03 -577.999E-03 +56.738E-03
-89.700E-03 -698.100E-03 +54.451E-03
-89.600E-03 -812.673E-03 +51.994E-03
-89.500E-03 -936.793E-03 +49.376E-03
-89.400E-03 -1.017698E+00 +46.707E-03
-89.300E-03 -1.102120E+00 +43.939E-03
-89.200E-03 -1.202120E+00 +41.044E-03
-89.100E-03 -1.237798E+00 +38.024E-03
-89.000E-03 -1.321216E+00 +34.828E-03
-88.900E-03 -1.397095E+00 +31.326E-03
-88.800E-03 -1.420210E+00 +27.687E-03
-88.700E-03 -1.455889E+00 +23.587E-03
-88.600E-03 -1.529256E+00 +19.120E-03
-88.500E-03 -1.590060E+00 +14.200E-03
-88.400E-03 -1.620210E+00 +8.944E-03
-88.300E-03 -1.648854E+00 +3.351E-03
-88.200E-03 -1.711165E+00 -2.438E-03
-88.100E-03 -1.783025E+00 -8.599E-03
-88.000E-03 -1.821215E+00 -15.097E-03
-87.900E-03 -1.900110E+00 -21.850E-03
-87.800E-03 -2.003125E+00 -28.539E-03
-87.700E-03 -2.046844E+00 -35.232E-03
-87.600E-03 -2.189557E+00 -41.840E-03
-87.500E-03 -2.273477E+00 -48.363E-03
-87.400E-03 -2.420210E+00 -54.529E-03
-87.300E-03 -2.584030E+00 -60.318E-03
-87.200E-03 -2.764934E+00 -65.473E-03
-87.100E-03 -2.941316E+00 -70.001E-03
-87.000E-03 -3.152874E+00 -73.790E-03
-86.900E-03 -3.355889E+00 -76.911E-03
-86.800E-03 -3.570964E+00 -79.443E-03
-86.700E-03 -3.750864E+00 -81.388E-03
-86.600E-03 -3.916693E+00 -82.926E-03
-86.500E-03 -4.047346E+00 -84.066E-03
-86.400E-03 -4.201618E+00 -84.951E-03
-86.300E-03 -4.246844E+00 -85.569E-03
-86.200E-03 -4.319205E+00 -86.167E-03
-86.100E-03 -4.393577E+00 -86.554E-03
-86.000E-03 -4.421718E+00 -86.880E-03
-85.900E-03 -4.439808E+00 -87.182E-03
-85.800E-03 -4.462924E+00 -87.433E-03
-85.700E-03 -4.484532E+00 -87.574E-03
-85.600E-03 -4.497095E+00 -87.685E-03
-85.500E-03 -4.497095E+00 -87.685E-03
-85.400E-03 -4.497095E+00 -87.810E-03
-85.300E-03 -4.484532E+00 -87.810E-03
-85.200E-03 -4.459406E+00 -87.810E-03
-85.100E-03 -4.446844E+00 -87.685E-03
-85.000E-03 -4.434281E+00 -87.685E-03
-84.900E-03 -4.421718E+00 -87.685E-03
-84.800E-03 -4.413175E+00 -87.559E-03
-84.700E-03 -4.402622E+00 -87.559E-03
-84.600E-03 -4.366944E+00 -87.433E-03
-84.500E-03 -4.343829E+00 -87.433E-03
-84.400E-03 -4.308150E+00 -87.308E-03
-84.300E-03 -4.272472E+00 -87.308E-03
-84.200E-03 -4.245839E+00 -87.308E-03
-84.100E-03 -4.233276E+00 -87.182E-03
-84.000E-03 -4.228251E+00 -87.132E-03
-83.900E-03 -4.217698E+00 -87.056E-03
-83.800E-03 -4.194582E+00 -86.931E-03
-83.700E-03 -4.146341E+00 -86.931E-03
-83.600E-03 -4.098100E+00 -86.805E-03
-83.500E-03 -4.062421E+00 -86.805E-03
-83.400E-03 -4.032271E+00 -86.624E-03
-83.300E-03 -4.016190E+00 -86.554E-03
-83.200E-03 -3.953879E+00 -86.303E-03
-83.100E-03 -3.844834E+00 -86.056E-03
-83.000E-03 -3.786040E+00 -85.800E-03
-82.900E-03 -3.639306E+00 -85.468E-03
-82.800E-03 -3.512170E+00 -84.986E-03
-82.700E-03 -3.358904E+00 -84.504E-03
-82.600E-03 -3.209658E+00 -84.001E-03
-82.500E-03 -3.027246E+00 -83.413E-03
-82.400E-03 -2.886542E+00 -82.825E-03
-82.300E-03 -2.784029E+00 -82.323E-03
-82.200E-03 -2.631266E+00 -81.840E-03
-82.100E-03 -2.519205E+00 -81.358E-03
-82.000E-03 -2.421718E+00 -81.001E-03
-81.900E-03 -2.347346E+00 -80.644E-03
-81.800E-03 -2.226241E+00 -80.162E-03
-81.700E-03 -2.136793E+00 -79.805E-03
-81.600E-03 -2.015185E+00 -79.197E-03
-81.500E-03 -1.876492E+00 -78.539E-03
-81.400E-03 -1.746341E+00 -77.855E-03
-81.300E-03 -1.605638E+00 -77.112E-03
-81.200E-03 -1.434783E+00 -76.272E-03
-81.100E-03 -1.308652E+00 -75.308E-03
-81.000E-03 -1.177999E+00 -74.468E-03
-80.900E-03 -1.024230E+00 -73.504E-03
-80.800E-03 -915.185E-03 -72.539E-03
-80.700E-03 -802.120E-03 -71.685E-03
-80.600E-03 -692.070E-03 -70.735E-03
-80.500E-03 -595.085E-03 -69.870E-03
-80.400E-03 -469.959E-03 -68.931E-03
-80.300E-03 -395.587E-03 -67.840E-03
-80.200E-03 -263.929E-03 -66.584E-03
-80.100E-03 -167.446E-03 -65.137E-03
-80.000E-03 +393E-06 -63.438E-03
-79.900E-03 +155.669E-03 -61.403E-03
-79.800E-03 +248.131E-03 -59.242E-03
-79.700E-03 +390.342E-03 -56.830E-03
-79.600E-03 +495.870E-03 -54.293E-03
-79.500E-03 +605.920E-03 -51.629E-03
-79.400E-03 +704.915E-03 -48.966E-03
-79.300E-03 +790.342E-03 -46.192E-03
-79.200E-03 +835.066E-03 -43.298E-03
-79.100E-03 +944.111E-03 -40.277E-03
-79.000E-03 +997.880E-03 -37.207E-03
-78.900E-03 +1.036574E+00 -33.830E-03
-78.800E-03 +1.132051E+00 -30.066E-03
-78.700E-03 +1.181297E+00 -25.966E-03
-78.600E-03 +1.206423E+00 -21.529E-03
-78.500E-03 +1.239086E+00 -16.579E-03
-78.400E-03 +1.325016E+00 -11.267E-03
-78.300E-03 +1.382302E+00 -5.730E-03
-78.200E-03 +1.407428E+00 +74E-06
-78.100E-03 +1.444614E+00 +6.099E-03
-78.000E-03 +1.540594E+00 +12.592E-03
-77.900E-03 +1.603910E+00 +19.220E-03
-77.800E-03 +1.645619E+00 +25.974E-03
-77.700E-03 +1.767227E+00 +32.602E-03
-77.600E-03 +1.826021E+00 +39.230E-03
-77.500E-03 +1.985317E+00 +45.733E-03
-77.400E-03 +2.126021E+00 +52.004E-03
-77.300E-03 +2.258182E+00 +57.687E-03
-77.200E-03 +2.425518E+00 +62.903E-03
-77.100E-03 +2.627026E+00 +67.451E-03
-77.000E-03 +2.824513E+00 +71.285E-03
-76.900E-03 +3.031046E+00 +74.401E-03
-76.800E-03 +3.237076E+00 +76.813E-03
-76.700E-03 +3.413960E+00 +78.758E-03
-76.600E-03 +3.607428E+00 +80.240E-03
-76.500E-03 +3.771750E+00 +81.511E-03
-76.400E-03 +3.853659E+00 +82.351E-03
-76.300E-03 +3.971247E+00 +82.929E-03
-76.200E-03 +4.007930E+00 +83.537E-03
-76.100E-03 +4.033056E+00 +84.019E-03
-76.000E-03 +4.090845E+00 +84.300E-03
-75.900E-03 +4.144614E+00 +84.552E-03
-75.800E-03 +4.183810E+00 +84.803E-03
-75.700E-03 +4.196373E+00 +84.929E-03
-75.600E-03 +4.196875E+00 +84.929E-03
-75.500E-03 +4.196373E+00 +85.054E-03
-75.400E-03 +4.196373E+00 +85.135E-03
-75.300E-03 +4.190342E+00 +85.120E-03
-75.200E-03 +4.171247E+00 +85.094E-03
-75.100E-03 +4.146121E+00 +85.054E-03
-75.000E-03 +4.108433E+00 +85.054E-03
-74.900E-03 +4.070744E+00 +84.929E-03
-74.800E-03 +4.037076E+00 +84.929E-03
-74.700E-03 +4.020493E+00 +84.863E-03
-74.600E-03 +4.020493E+00 +84.803E-03
-74.500E-03 +4.007930E+00 +84.778E-03
-74.400E-03 +4.007930E+00 +84.677E-03
-74.300E-03 +3.995367E+00 +84.677E-03
-74.200E-03 +3.961197E+00 +84.516E-03
-74.100E-03 +3.938081E+00 +84.552E-03
-74.000E-03 +3.902403E+00 +84.426E-03
-73.900E-03 +3.866724E+00 +84.300E-03
-73.800E-03 +3.832051E+00 +84.300E-03
-73.700E-03 +3.819488E+00 +84.175E-03
-73.600E-03 +3.806925E+00 +84.049E-03
-73.500E-03 +3.781800E+00 +84.049E-03
-73.400E-03 +3.738584E+00 +83.924E-03
-73.300E-03 +3.665217E+00 +83.798E-03
-73.200E-03 +3.616975E+00 +83.657E-03
-73.100E-03 +3.544111E+00 +83.421E-03
-73.000E-03 +3.419991E+00 +83.069E-03
-72.900E-03 +3.343106E+00 +82.712E-03
-72.800E-03 +3.197880E+00 +82.230E-03
-72.700E-03 +3.032553E+00 +81.748E-03
-72.600E-03 +2.869237E+00 +81.265E-03
-72.500E-03 +2.751649E+00 +80.657E-03
-72.400E-03 +2.592352E+00 +80.175E-03
-72.300E-03 +2.420493E+00 +79.567E-03
-72.200E-03 +2.336071E+00 +79.145E-03
-72.100E-03 +2.211448E+00 +78.647E-03
-72.000E-03 +2.128533E+00 +78.245E-03
-71.900E-03 +2.009940E+00 +77.888E-03
-71.800E-03 +1.903407E+00 +77.406E-03
-71.700E-03 +1.800393E+00 +76.924E-03
-71.600E-03 +1.668232E+00 +76.371E-03
-71.500E-03 +1.580794E+00 +75.833E-03
-71.400E-03 +1.413960E+00 +75.099E-03
-71.300E-03 +1.266222E+00 +74.366E-03
-71.200E-03 +1.146624E+00 +73.632E-03
-71.100E-03 +986.322E-03 +72.677E-03
-71.000E-03 +814.463E-03 +71.712E-03
-70.900E-03 +706.925E-03 +70.873E-03
-70.800E-03 +587.327E-03 +69.908E-03
-70.700E-03 +437.076E-03 +68.959E-03
-70.600E-03 +377.779E-03 +68.104E-03
-70.500E-03 +244.111E-03 +67.240E-03
-70.400E-03 +180.795E-03 +66.300E-03
-70.300E-03 +57.679E-03 +65.210E-03
-70.200E-03 -40.814E-03 +63.954E-03
-70.100E-03 -202.623E-03 +62.486E-03
-70.000E-03 -326.241E-03 +60.808E-03
-69.900E-03 -424.733E-03 +58.858E-03
-69.800E-03 -590.562E-03 +56.612E-03
-69.700E-03 -710.663E-03 +54.326E-03
-69.600E-03 -820.713E-03 +51.868E-03
-69.500E-03 -949.356E-03 +49.225E-03
-69.400E-03 -1.017698E+00 +46.582E-03
-69.300E-03 -1.102120E+00 +43.813E-03
-69.200E-03 -1.202120E+00 +40.918E-03
-69.100E-03 -1.237798E+00 +37.828E-03
-69.000E-03 -1.328753E+00 +34.652E-03
-68.900E-03 -1.397095E+00 +31.170E-03
-68.800E-03 -1.420210E+00 +27.436E-03
-68.700E-03 -1.455889E+00 +23.336E-03
-68.600E-03 -1.538804E+00 +18.773E-03
-68.500E-03 -1.590060E+00 +13.949E-03
-68.400E-03 -1.613175E+00 +8.692E-03
-68.300E-03 -1.648854E+00 +3.135E-03
-68.200E-03 -1.711165E+00 -2.690E-03
-68.100E-03 -1.783025E+00 -8.725E-03
-68.000E-03 -1.821215E+00 -15.222E-03
-67.900E-03 -1.908150E+00 -21.896E-03
-67.800E-03 -2.003125E+00 -28.604E-03
-67.700E-03 -2.055386E+00 -35.232E-03
-67.600E-03 -2.189557E+00 -41.735E-03
-67.500E-03 -2.260914E+00 -48.363E-03
-67.400E-03 -2.420211E+00 -54.634E-03
-67.300E-03 -2.584030E+00 -60.358E-03
-67.200E-03 -2.770965E+00 -65.599E-03
-67.100E-03 -2.949356E+00 -70.001E-03
-67.000E-03 -3.162924E+00 -73.916E-03
-66.900E-03 -3.368452E+00 -77.036E-03
-66.800E-03 -3.583527E+00 -79.458E-03
-66.700E-03 -3.772472E+00 -81.423E-03
-66.600E-03 -3.916693E+00 -82.996E-03
-66.500E-03 -4.047346E+00 -84.192E-03
-66.400E-03 -4.198602E+00 -85.107E-03
-66.300E-03 -4.246844E+00 -85.685E-03
-66.200E-03 -4.319206E+00 -86.167E-03
-66.100E-03 -4.406140E+00 -86.649E-03
-66.000E-03 -4.429256E+00 -87.006E-03
-65.900E-03 -4.446844E+00 -87.237E-03
-65.800E-03 -4.475487E+00 -87.433E-03
-65.700E-03 -4.486040E+00 -87.559E-03
-65.600E-03 -4.497095E+00 -87.564E-03
-65.500E-03 -4.497095E+00 -87.685E-03
-65.400E-03 -4.484532E+00 -87.765E-03
-65.300E-03 -4.471969E+00 -87.810E-03
-65.200E-03 -4.459406E+00 -87.810E-03
-65.100E-03 -4.446844E+00 -87.685E-03
-65.000E-03 -4.434281E+00 -87.685E-03
-64.900E-03 -4.423728E+00 -87.685E-03
-64.800E-03 -4.413175E+00 -87.559E-03
-64.700E-03 -4.396592E+00 -87.559E-03
-64.600E-03 -4.371467E+00 -87.478E-03
-64.500E-03 -4.331266E+00 -87.433E-03
-64.400E-03 -4.296090E+00 -87.308E-03
-64.300E-03 -4.270964E+00 -87.308E-03
-64.200E-03 -4.249356E+00 -87.272E-03
-64.100E-03 -4.233276E+00 -87.182E-03
-64.000E-03 -4.228251E+00 -87.056E-03
-63.900E-03 -4.217698E+00 -87.026E-03
-63.800E-03 -4.194582E+00 -87.046E-03
-63.700E-03 -4.157899E+00 -86.931E-03
-63.600E-03 -4.098100E+00 -86.805E-03
-63.500E-03 -4.062421E+00 -86.679E-03
-63.400E-03 -4.032271E+00 -86.554E-03
-63.300E-03 -4.016190E+00 -86.428E-03
-63.200E-03 -3.953879E+00 -86.288E-03
-63.100E-03 -3.844833E+00 -86.056E-03
-63.000E-03 -3.786039E+00 -85.700E-03
-62.900E-03 -3.639306E+00 -85.423E-03
-62.800E-03 -3.518200E+00 -84.926E-03
-62.700E-03 -3.362924E+00 -84.504E-03
-62.600E-03 -3.209657E+00 -83.896E-03
-62.500E-03 -3.027246E+00 -83.413E-03
-62.400E-03 -2.884532E+00 -82.805E-03
-62.300E-03 -2.775487E+00 -82.323E-03
-62.200E-03 -2.624733E+00 -81.715E-03
-62.100E-03 -2.498602E+00 -81.358E-03
-62.000E-03 -2.421718E+00 -81.001E-03
-61.900E-03 -2.334783E+00 -80.519E-03
-61.800E-03 -2.224733E+00 -80.162E-03
-61.700E-03 -2.124230E+00 -79.679E-03
-61.600E-03 -2.015185E+00 -79.071E-03
-61.500E-03 -1.863929E+00 -78.463E-03
-61.400E-03 -1.733778E+00 -77.730E-03
-61.300E-03 -1.605637E+00 -76.986E-03
-61.200E-03 -1.434783E+00 -76.147E-03
-61.100E-03 -1.308652E+00 -75.308E-03
-61.000E-03 -1.183024E+00 -74.343E-03
-60.900E-03 -1.024230E+00 -73.378E-03
-60.800E-03 -915.185E-03 -72.539E-03
-60.700E-03 -802.120E-03 -71.463E-03
-60.600E-03 -680.009E-03 -70.730E-03
-60.500E-03 -592.572E-03 -69.770E-03
-60.400E-03 -465.436E-03 -68.805E-03
-60.300E-03 -395.587E-03 -67.780E-03
-60.200E-03 -263.929E-03 -66.584E-03
-60.100E-03 -167.446E-03 -65.011E-03
-60.000E-03 +393E-06 -63.313E-03
-59.900E-03 +143.106E-03 -61.403E-03
-59.800E-03 +231.046E-03 -59.242E-03
-59.700E-03 +383.810E-03 -56.830E-03
-59.600E-03 +483.307E-03 -54.373E-03
-59.500E-03 +593.357E-03 -51.755E-03
-59.400E-03 +692.855E-03 -49.087E-03
-59.300E-03 +790.342E-03 -46.318E-03
-59.200E-03 +835.066E-03 -43.298E-03
-59.100E-03 +944.111E-03 -40.333E-03
-59.000E-03 +997.880E-03 -37.207E-03
-58.900E-03 +1.036574E+00 -33.800E-03
-58.800E-03 +1.132051E+00 -30.066E-03
-58.700E-03 +1.181297E+00 -25.956E-03
-58.600E-03 +1.206423E+00 -21.499E-03
-58.500E-03 +1.239086E+00 -16.504E-03
-58.400E-03 +1.305418E+00 -11.267E-03
-58.300E-03 +1.373257E+00 -5.765E-03
-58.200E-03 +1.407428E+00 +59E-06
-58.100E-03 +1.444614E+00 +6.094E-03
-58.000E-03 +1.540594E+00 +12.592E-03
-57.900E-03 +1.595870E+00 +19.220E-03
-57.800E-03 +1.645619E+00 +25.848E-03
-57.700E-03 +1.767227E+00 +32.602E-03
-57.600E-03 +1.826021E+00 +39.230E-03
-57.500E-03 +1.985317E+00 +45.733E-03
-57.400E-03 +2.126021E+00 +52.004E-03
-57.300E-03 +2.258182E+00 +57.728E-03
-57.200E-03 +2.425518E+00 +62.969E-03
-57.100E-03 +2.627026E+00 +67.577E-03
-57.000E-03 +2.824514E+00 +71.386E-03
-56.900E-03 +3.043609E+00 +74.406E-03
-56.800E-03 +3.237076E+00 +76.828E-03
-56.700E-03 +3.423006E+00 +78.758E-03
-56.600E-03 +3.607428E+00 +80.240E-03
-56.500E-03 +3.771750E+00 +81.386E-03
-56.400E-03 +3.850644E+00 +82.351E-03
-56.300E-03 +3.971247E+00 +83.054E-03
-56.200E-03 +4.007930E+00 +83.537E-03
-56.100E-03 +4.033056E+00 +83.893E-03
-56.000E-03 +4.090845E+00 +84.250E-03
-55.900E-03 +4.151649E+00 +84.481E-03
-55.800E-03 +4.183810E+00 +84.712E-03
-55.700E-03 +4.196373E+00 +84.818E-03
-55.600E-03 +4.196373E+00 +85.049E-03
-55.500E-03 +4.196373E+00 +85.054E-03
-55.400E-03 +4.188332E+00 +85.054E-03
-55.300E-03 +4.183810E+00 +85.114E-03
-55.200E-03 +4.167227E+00 +85.140E-03
-55.100E-03 +4.131548E+00 +85.054E-03
-55.000E-03 +4.095870E+00 +85.054E-03
-54.900E-03 +4.060192E+00 +84.929E-03
-54.800E-03 +4.037076E+00 +84.929E-03
-54.700E-03 +4.020493E+00 +84.863E-03
-54.600E-03 +4.015970E+00 +84.803E-03
-54.500E-03 +4.007930E+00 +84.677E-03
-54.400E-03 +4.007428E+00 +84.677E-03
-54.300E-03 +3.984312E+00 +84.552E-03
-54.200E-03 +3.970242E+00 +84.552E-03
-54.100E-03 +3.932553E+00 +84.426E-03
-54.000E-03 +3.894865E+00 +84.426E-03
-53.900E-03 +3.854161E+00 +84.300E-03
-53.800E-03 +3.831046E+00 +84.175E-03
-53.700E-03 +3.819488E+00 +84.175E-03
-53.600E-03 +3.806925E+00 +84.049E-03
-53.500E-03 +3.786825E+00 +84.049E-03
-53.400E-03 +3.731548E+00 +83.868E-03
-53.300E-03 +3.652654E+00 +83.798E-03
-53.200E-03 +3.616975E+00 +83.547E-03
-53.100E-03 +3.532051E+00 +83.300E-03
-53.000E-03 +3.419991E+00 +83.069E-03
-52.900E-03 +3.335066E+00 +82.712E-03
-52.800E-03 +3.197880E+00 +82.230E-03
-52.700E-03 +3.028533E+00 +81.748E-03
-52.600E-03 +2.858684E+00 +81.265E-03
-52.500E-03 +2.726523E+00 +80.657E-03
-52.400E-03 +2.579789E+00 +80.049E-03
-52.300E-03 +2.416473E+00 +79.567E-03
-52.200E-03 +2.317478E+00 +79.084E-03
-52.100E-03 +2.206925E+00 +78.647E-03
-52.000E-03 +2.115970E+00 +78.245E-03
-51.900E-03 +2.009438E+00 +77.888E-03
-51.800E-03 +1.901900E+00 +77.516E-03
-51.700E-03 +1.800393E+00 +76.924E-03
-51.600E-03 +1.668231E+00 +76.441E-03
-51.500E-03 +1.568232E+00 +75.833E-03
-51.400E-03 +1.404413E+00 +75.099E-03
-51.300E-03 +1.253659E+00 +74.356E-03
-51.200E-03 +1.134061E+00 +73.516E-03
-51.100E-03 +983.307E-03 +72.677E-03
-51.000E-03 +809.438E-03 +71.712E-03
-50.900E-03 +681.799E-03 +70.748E-03
-50.800E-03 +583.809E-03 +69.908E-03
-50.700E-03 +424.513E-03 +68.944E-03
-50.600E-03 +365.719E-03 +68.104E-03
-50.500E-03 +234.061E-03 +67.265E-03
-50.400E-03 +180.795E-03 +66.300E-03
-50.300E-03 +45.116E-03 +65.210E-03
-50.200E-03 -49.356E-03 +63.954E-03
-50.100E-03 -202.623E-03 +62.486E-03
-50.000E-03 -338.804E-03 +60.682E-03
-49.900E-03 -424.733E-03 +58.753E-03
-49.800E-03 -590.562E-03 +56.612E-03
-49.700E-03 -722.723E-03 +54.260E-03
-49.600E-03 -820.713E-03 +51.788E-03
-49.500E-03 -949.356E-03 +49.225E-03
-49.400E-03 -1.017698E+00 +46.582E-03
-49.300E-03 -1.113176E+00 +43.813E-03
-49.200E-03 -1.202120E+00 +40.918E-03
-49.100E-03 -1.237798E+00 +37.954E-03
-49.000E-03 -1.328753E+00 +34.702E-03
-48.900E-03 -1.397095E+00 +31.295E-03
-48.800E-03 -1.420211E+00 +27.562E-03
-48.700E-03 -1.468452E+00 +23.461E-03
-48.600E-03 -1.541819E+00 +18.898E-03
-48.500E-03 -1.595085E+00 +13.949E-03
-48.400E-03 -1.620210E+00 +8.692E-03
-48.300E-03 -1.648854E+00 +3.135E-03
-48.200E-03 -1.734783E+00 -2.690E-03
-48.100E-03 -1.795587E+00 -8.730E-03
-48.000E-03 -1.831266E+00 -15.222E-03
-47.900E-03 -1.912673E+00 -21.976E-03
-47.800E-03 -2.003125E+00 -28.604E-03
-47.700E-03 -2.055387E+00 -35.232E-03
-47.600E-03 -2.189557E+00 -41.735E-03
-47.500E-03 -2.273477E+00 -48.363E-03
-47.400E-03 -2.422221E+00 -54.509E-03
-47.300E-03 -2.584030E+00 -60.318E-03
-47.200E-03 -2.770965E+00 -65.473E-03
-47.100E-03 -2.949357E+00 -70.001E-03
-47.000E-03 -3.152874E+00 -73.916E-03
-46.900E-03 -3.368452E+00 -77.036E-03
-46.800E-03 -3.585035E+00 -79.569E-03
-46.700E-03 -3.775990E+00 -81.423E-03
-46.600E-03 -3.929256E+00 -82.996E-03
-46.500E-03 -4.054884E+00 -84.142E-03
-46.400E-03 -4.201618E+00 -84.981E-03
-46.300E-03 -4.246844E+00 -85.685E-03
-46.200E-03 -4.331768E+00 -86.167E-03
-46.100E-03 -4.406140E+00 -86.649E-03
-46.000E-03 -4.429256E+00 -86.880E-03
-45.900E-03 -4.446844E+00 -87.237E-03
-45.800E-03 -4.475487E+00 -87.433E-03
-45.700E-03 -4.498603E+00 -87.559E-03
-45.600E-03 -4.509155E+00 -87.685E-03
-45.500E-03 -4.497095E+00 -87.685E-03
-45.400E-03 -4.497095E+00 -87.810E-03
-45.300E-03 -4.484532E+00 -87.810E-03
-45.200E-03 -4.459406E+00 -87.810E-03
-45.100E-03 -4.446844E+00 -87.810E-03
-45.000E-03 -4.434281E+00 -87.685E-03
-44.900E-03 -4.423728E+00 -87.685E-03
-44.800E-03 -4.421718E+00 -87.559E-03
-44.700E-03 -4.402622E+00 -87.559E-03
-44.600E-03 -4.371467E+00 -87.559E-03
-44.500E-03 -4.343828E+00 -87.433E-03
-44.400E-03 -4.295587E+00 -87.428E-03
-44.300E-03 -4.270964E+00 -87.308E-03
-44.200E-03 -4.245839E+00 -87.308E-03
-44.100E-03 -4.233276E+00 -87.182E-03
-44.000E-03 -4.220713E+00 -87.182E-03
-43.900E-03 -4.217698E+00 -87.056E-03
-43.800E-03 -4.195587E+00 -87.056E-03
-43.700E-03 -4.158904E+00 -86.931E-03
-43.600E-03 -4.113678E+00 -86.805E-03
-43.500E-03 -4.062421E+00 -86.679E-03
-43.400E-03 -4.032271E+00 -86.554E-03
-43.300E-03 -4.016190E+00 -86.519E-03
-43.200E-03 -3.953879E+00 -86.303E-03
-43.100E-03 -3.844833E+00 -86.056E-03
-43.000E-03 -3.786039E+00 -85.800E-03
-42.900E-03 -3.639306E+00 -85.343E-03
-42.800E-03 -3.518200E+00 -84.986E-03
-42.700E-03 -3.362924E+00 -84.378E-03
-42.600E-03 -3.211668E+00 -84.001E-03
-42.500E-03 -3.039808E+00 -83.413E-03
-42.400E-03 -2.897094E+00 -82.931E-03
-42.300E-03 -2.788049E+00 -82.237E-03
-42.200E-03 -2.631266E+00 -81.840E-03
-42.100E-03 -2.519205E+00 -81.358E-03
-42.000E-03 -2.421718E+00 -81.001E-03
-41.900E-03 -2.359406E+00 -80.644E-03
-41.800E-03 -2.226240E+00 -80.162E-03
-41.700E-03 -2.145838E+00 -79.679E-03
-41.600E-03 -2.015185E+00 -79.127E-03
-41.500E-03 -1.876491E+00 -78.463E-03
-41.400E-03 -1.746341E+00 -77.855E-03
-41.300E-03 -1.605637E+00 -77.112E-03
-41.200E-03 -1.434783E+00 -76.272E-03
-41.100E-03 -1.318200E+00 -75.308E-03
-41.000E-03 -1.177999E+00 -74.393E-03
-40.900E-03 -1.024230E+00 -73.504E-03
-40.800E-03 -927.748E-03 -72.539E-03
-40.700E-03 -802.120E-03 -71.574E-03
-40.600E-03 -692.069E-03 -70.735E-03
-40.500E-03 -595.085E-03 -69.770E-03
-40.400E-03 -469.959E-03 -68.805E-03
-40.300E-03 -395.587E-03 -67.840E-03
-40.200E-03 -251.366E-03 -66.458E-03
-40.100E-03 -156.893E-03 -64.991E-03
-40.000E-03 +393E-06 -63.187E-03
-39.900E-03 +145.117E-03 -61.277E-03
-39.800E-03 +239.589E-03 -59.117E-03
-39.700E-03 +383.810E-03 -56.705E-03
-39.600E-03 +483.308E-03 -54.167E-03
-39.500E-03 +593.358E-03 -51.629E-03
-39.400E-03 +692.353E-03 -48.961E-03
-39.300E-03 +790.342E-03 -46.066E-03
-39.200E-03 +826.021E-03 -43.207E-03
-39.100E-03 +931.549E-03 -40.207E-03
-39.000E-03 +997.880E-03 -37.081E-03
-38.900E-03 +1.036574E+00 -33.674E-03
-38.800E-03 +1.120493E+00 -29.941E-03
-38.700E-03 +1.181297E+00 -25.840E-03
-38.600E-03 +1.206423E+00 -21.403E-03
-38.500E-03 +1.239086E+00 -16.504E-03
-38.400E-03 +1.312453E+00 -11.197E-03
-38.300E-03 +1.382302E+00 -5.730E-03
-38.200E-03 +1.407428E+00 +59E-06
-38.100E-03 +1.444614E+00 +6.094E-03
-38.000E-03 +1.528031E+00 +12.592E-03
-37.900E-03 +1.595870E+00 +19.220E-03
-37.800E-03 +1.645619E+00 +25.974E-03
-37.700E-03 +1.767227E+00 +32.602E-03
-37.600E-03 +1.828031E+00 +39.210E-03
-37.500E-03 +1.985317E+00 +45.733E-03
-37.400E-03 +2.126021E+00 +52.004E-03
-37.300E-03 +2.249639E+00 +57.687E-03
-37.200E-03 +2.419488E+00 +62.908E-03
-37.100E-03 +2.627026E+00 +67.496E-03
-37.000E-03 +2.824514E+00 +71.285E-03
-36.900E-03 +3.030544E+00 +74.401E-03
-36.800E-03 +3.237076E+00 +76.828E-03
-36.700E-03 +3.423006E+00 +78.793E-03
-36.600E-03 +3.607428E+00 +80.240E-03
-36.500E-03 +3.771750E+00 +81.511E-03
-36.400E-03 +3.850644E+00 +82.351E-03
-36.300E-03 +3.971247E+00 +82.939E-03
-36.200E-03 +4.007930E+00 +83.537E-03
-36.100E-03 +4.030041E+00 +83.893E-03
-36.000E-03 +4.085820E+00 +84.250E-03
-35.900E-03 +4.146121E+00 +84.552E-03
-35.800E-03 +4.174765E+00 +84.803E-03
-35.700E-03 +4.196373E+00 +84.929E-03
-35.600E-03 +4.196373E+00 +85.049E-03
-35.500E-03 +4.196373E+00 +85.054E-03
-35.400E-03 +4.196373E+00 +85.054E-03
-35.300E-03 +4.171247E+00 +85.054E-03
-35.200E-03 +4.158684E+00 +85.054E-03
-35.100E-03 +4.131548E+00 +85.054E-03
-35.000E-03 +4.095870E+00 +85.054E-03
-34.900E-03 +4.060191E+00 +84.929E-03
-34.800E-03 +4.033056E+00 +84.929E-03
-34.700E-03 +4.020493E+00 +84.803E-03
-34.600E-03 +4.007930E+00 +84.803E-03
-34.500E-03 +4.007930E+00 +84.677E-03
-34.400E-03 +3.995367E+00 +84.672E-03
-34.300E-03 +3.982805E+00 +84.552E-03
-34.200E-03 +3.957679E+00 +84.552E-03
-34.100E-03 +3.912955E+00 +84.426E-03
-34.000E-03 +3.889840E+00 +84.376E-03
-33.900E-03 +3.854161E+00 +84.300E-03
-33.800E-03 +3.831046E+00 +84.300E-03
-33.700E-03 +3.819488E+00 +84.175E-03
-33.600E-03 +3.797377E+00 +84.049E-03
-33.500E-03 +3.774262E+00 +83.974E-03
-33.400E-03 +3.713458E+00 +83.868E-03
-33.300E-03 +3.652654E+00 +83.763E-03
-33.200E-03 +3.605920E+00 +83.547E-03
-33.100E-03 +3.544111E+00 +83.421E-03
-33.000E-03 +3.422503E+00 +83.069E-03
-32.900E-03 +3.335065E+00 +82.712E-03
-32.800E-03 +3.197880E+00 +82.230E-03
-32.700E-03 +3.019990E+00 +81.748E-03
-32.600E-03 +2.856673E+00 +81.245E-03
-32.500E-03 +2.726523E+00 +80.532E-03
-32.400E-03 +2.579789E+00 +80.049E-03
-32.300E-03 +2.416473E+00 +79.567E-03
-32.200E-03 +2.323508E+00 +79.084E-03
-32.100E-03 +2.206925E+00 +78.728E-03
-32.000E-03 +2.103407E+00 +78.245E-03
-31.900E-03 +1.997377E+00 +77.888E-03
-31.800E-03 +1.889337E+00 +77.406E-03
-31.700E-03 +1.787830E+00 +76.924E-03
-31.600E-03 +1.650141E+00 +76.441E-03
-31.500E-03 +1.555669E+00 +75.783E-03
-31.400E-03 +1.404413E+00 +75.069E-03
-31.300E-03 +1.241096E+00 +74.240E-03
-31.200E-03 +1.122503E+00 +73.506E-03
-31.100E-03 +973.759E-03 +72.647E-03
-31.000E-03 +809.438E-03 +71.712E-03
-30.900E-03 +681.799E-03 +70.748E-03
-30.800E-03 +583.809E-03 +69.818E-03
-30.700E-03 +424.513E-03 +68.944E-03
-30.600E-03 +365.217E-03 +67.979E-03
-30.500E-03 +231.548E-03 +67.140E-03
-30.400E-03 +172.754E-03 +66.175E-03
-30.300E-03 +38.583E-03 +65.210E-03
-30.200E-03 -49.357E-03 +63.954E-03
-30.100E-03 -202.623E-03 +62.381E-03
-30.000E-03 -338.804E-03 +60.682E-03
-29.900E-03 -424.733E-03 +58.753E-03
-29.800E-03 -590.563E-03 +56.612E-03
-29.700E-03 -716.693E-03 +54.326E-03
-29.600E-03 -820.713E-03 +51.913E-03
-29.500E-03 -949.357E-03 +49.250E-03
-29.400E-03 -1.017698E+00 +46.461E-03
-29.300E-03 -1.113176E+00 +43.813E-03
-29.200E-03 -1.202120E+00 +40.918E-03
-29.100E-03 -1.237799E+00 +37.898E-03
-29.000E-03 -1.333779E+00 +34.702E-03
-28.900E-03 -1.397095E+00 +31.200E-03
-28.800E-03 -1.420211E+00 +27.552E-03
-28.700E-03 -1.468452E+00 +23.451E-03
-28.600E-03 -1.541819E+00 +18.898E-03
-28.500E-03 -1.595085E+00 +14.074E-03
-28.400E-03 -1.620210E+00 +8.763E-03
-28.300E-03 -1.648854E+00 +3.225E-03
-28.200E-03 -1.723728E+00 -2.579E-03
-28.100E-03 -1.795587E+00 -8.725E-03
-28.000E-03 -1.831266E+00 -15.197E-03
-27.900E-03 -1.912673E+00 -21.976E-03
-27.800E-03 -2.003125E+00 -28.539E-03
-27.700E-03 -2.055387E+00 -35.232E-03
-27.600E-03 -2.189557E+00 -41.840E-03
-27.500E-03 -2.273477E+00 -48.363E-03
-27.400E-03 -2.422221E+00 -54.634E-03
-27.300E-03 -2.588050E+00 -60.443E-03
-27.200E-03 -2.776995E+00 -65.539E-03
-27.100E-03 -2.961920E+00 -70.082E-03
-27.000E-03 -3.162925E+00 -73.891E-03
-26.900E-03 -3.368452E+00 -77.031E-03
-26.800E-03 -3.596091E+00 -79.458E-03
-26.700E-03 -3.775990E+00 -81.388E-03
-26.600E-03 -3.929256E+00 -82.926E-03
-26.500E-03 -4.059909E+00 -84.066E-03
-26.400E-03 -4.201618E+00 -84.981E-03
-26.300E-03 -4.246844E+00 -85.569E-03
-26.200E-03 -4.343326E+00 -86.051E-03
-26.100E-03 -4.406140E+00 -86.524E-03
-26.000E-03 -4.429256E+00 -86.931E-03
-25.900E-03 -4.452371E+00 -87.237E-03
-25.800E-03 -4.475487E+00 -87.433E-03
-25.700E-03 -4.509658E+00 -87.574E-03
-25.600E-03 -4.509658E+00 -87.685E-03
-25.500E-03 -4.499607E+00 -87.685E-03
-25.400E-03 -4.497095E+00 -87.810E-03
-25.300E-03 -4.478502E+00 -87.810E-03
-25.200E-03 -4.459406E+00 -87.810E-03
-25.100E-03 -4.446844E+00 -87.790E-03
-25.000E-03 -4.434281E+00 -87.685E-03
-24.900E-03 -4.423728E+00 -87.579E-03
-24.800E-03 -4.413175E+00 -87.559E-03
-24.700E-03 -4.402622E+00 -87.494E-03
-24.600E-03 -4.379507E+00 -87.433E-03
-24.500E-03 -4.346341E+00 -87.433E-03
-24.400E-03 -4.308150E+00 -87.433E-03
-24.300E-03 -4.272472E+00 -87.323E-03
-24.200E-03 -4.249356E+00 -87.217E-03
-24.100E-03 -4.233276E+00 -87.182E-03
-24.000E-03 -4.228251E+00 -87.182E-03
-23.900E-03 -4.217698E+00 -87.026E-03
-23.800E-03 -4.194582E+00 -86.931E-03
-23.700E-03 -4.158904E+00 -86.931E-03
-23.600E-03 -4.110663E+00 -86.805E-03
-23.500E-03 -4.062421E+00 -86.679E-03
-23.400E-03 -4.032271E+00 -86.554E-03
-23.300E-03 -4.016190E+00 -86.428E-03
-23.200E-03 -3.964934E+00 -86.288E-03
-23.100E-03 -3.856894E+00 -86.051E-03
-23.000E-03 -3.786039E+00 -85.700E-03
-22.900E-03 -3.639306E+00 -85.343E-03
-22.800E-03 -3.518200E+00 -84.860E-03
-22.700E-03 -3.371466E+00 -84.378E-03
-22.600E-03 -3.211667E+00 -83.896E-03
-22.500E-03 -3.039808E+00 -83.288E-03
-22.400E-03 -2.886541E+00 -82.805E-03
-22.300E-03 -2.784029E+00 -82.237E-03
-22.200E-03 -2.631266E+00 -81.840E-03
-22.100E-03 -2.511165E+00 -81.358E-03
-22.000E-03 -2.421718E+00 -80.901E-03
-21.900E-03 -2.346843E+00 -80.519E-03
-21.800E-03 -2.224733E+00 -80.162E-03
-21.700E-03 -2.136793E+00 -79.679E-03
-21.600E-03 -2.015185E+00 -79.071E-03
-21.500E-03 -1.868954E+00 -78.539E-03
-21.400E-03 -1.743325E+00 -77.825E-03
-21.300E-03 -1.604632E+00 -77.112E-03
-21.200E-03 -1.434783E+00 -76.147E-03
-21.100E-03 -1.305637E+00 -75.308E-03
-21.000E-03 -1.183024E+00 -74.343E-03
-20.900E-03 -1.024230E+00 -73.378E-03
-20.800E-03 -927.748E-03 -72.413E-03
-20.700E-03 -802.120E-03 -71.574E-03
-20.600E-03 -692.069E-03 -70.609E-03
-20.500E-03 -605.135E-03 -69.770E-03
-20.400E-03 -469.959E-03 -68.805E-03
-20.300E-03 -395.587E-03 -67.715E-03
-20.200E-03 -263.929E-03 -66.458E-03
-20.100E-03 -156.893E-03 -65.011E-03
-20.000E-03 +393E-06 -63.313E-03
-19.900E-03 +143.107E-03 -61.383E-03
-19.800E-03 +231.046E-03 -59.117E-03
-19.700E-03 +383.810E-03 -56.705E-03
-19.600E-03 +483.308E-03 -54.167E-03
-19.500E-03 +603.408E-03 -51.504E-03
-19.400E-03 +692.855E-03 -48.840E-03
-19.300E-03 +790.342E-03 -46.066E-03
-19.200E-03 +826.021E-03 -43.172E-03
-19.100E-03 +937.076E-03 -40.152E-03
-19.000E-03 +997.880E-03 -37.006E-03
-18.900E-03 +1.036574E+00 -33.674E-03
-18.800E-03 +1.120493E+00 -29.941E-03
-18.700E-03 +1.180292E+00 -25.840E-03
-18.600E-03 +1.203408E+00 -21.403E-03
-18.500E-03 +1.239086E+00 -16.453E-03
-18.400E-03 +1.305418E+00 -11.197E-03
-18.300E-03 +1.373257E+00 -5.730E-03
-18.200E-03 +1.407428E+00 +59E-06
-18.100E-03 +1.444112E+00 +6.215E-03
-18.000E-03 +1.528031E+00 +12.592E-03
-17.900E-03 +1.595870E+00 +19.220E-03
-17.800E-03 +1.639589E+00 +25.848E-03
-17.700E-03 +1.758685E+00 +32.562E-03
-17.600E-03 +1.826021E+00 +39.336E-03
-17.500E-03 +1.985317E+00 +45.607E-03
-17.400E-03 +2.115469E+00 +51.898E-03
-17.300E-03 +2.241096E+00 +57.687E-03
-17.200E-03 +2.412956E+00 +62.969E-03
-17.100E-03 +2.622503E+00 +67.496E-03
-17.000E-03 +2.822001E+00 +71.285E-03
-16.900E-03 +3.030544E+00 +74.401E-03
-16.800E-03 +3.237077E+00 +76.813E-03
-16.700E-03 +3.423006E+00 +78.758E-03
-16.600E-03 +3.601901E+00 +80.240E-03
-16.500E-03 +3.759187E+00 +81.436E-03
-16.400E-03 +3.838081E+00 +82.351E-03
-16.300E-03 +3.959689E+00 +83.054E-03
-16.200E-03 +4.007930E+00 +83.537E-03
-16.100E-03 +4.030041E+00 +83.893E-03
-16.000E-03 +4.085820E+00 +84.250E-03
-15.900E-03 +4.139086E+00 +84.481E-03
-15.800E-03 +4.171247E+00 +84.677E-03
-15.700E-03 +4.194865E+00 +84.929E-03
-15.600E-03 +4.196373E+00 +84.929E-03
-15.500E-03 +4.196373E+00 +85.054E-03
-15.400E-03 +4.188332E+00 +85.054E-03
-15.300E-03 +4.183810E+00 +85.180E-03
-15.200E-03 +4.167227E+00 +85.094E-03
-15.100E-03 +4.131548E+00 +85.160E-03
-15.000E-03 +4.083307E+00 +85.054E-03
-14.900E-03 +4.058182E+00 +84.929E-03
-14.800E-03 +4.033056E+00 +84.929E-03
-14.700E-03 +4.020493E+00 +84.803E-03
-14.600E-03 +4.015970E+00 +84.803E-03
-14.500E-03 +4.007930E+00 +84.778E-03
-14.400E-03 +3.995367E+00 +84.677E-03
-14.300E-03 +3.984312E+00 +84.677E-03
-14.200E-03 +3.961196E+00 +84.552E-03
-14.100E-03 +3.925518E+00 +84.481E-03
-14.000E-03 +3.889840E+00 +84.426E-03
-13.900E-03 +3.844614E+00 +84.300E-03
-13.800E-03 +3.831046E+00 +84.290E-03
-13.700E-03 +3.807930E+00 +84.175E-03
-13.600E-03 +3.797377E+00 +84.049E-03
-13.500E-03 +3.769237E+00 +83.974E-03
-13.400E-03 +3.720493E+00 +83.924E-03
-13.300E-03 +3.649136E+00 +83.763E-03
-13.200E-03 +3.604413E+00 +83.547E-03
-13.100E-03 +3.506925E+00 +83.300E-03
-13.000E-03 +3.419990E+00 +83.069E-03
-12.900E-03 +3.309940E+00 +82.667E-03
-12.800E-03 +3.191850E+00 +82.230E-03
-12.700E-03 +3.019990E+00 +81.748E-03
-12.600E-03 +2.846121E+00 +81.140E-03
-12.500E-03 +2.713960E+00 +80.657E-03
-12.400E-03 +2.579789E+00 +80.049E-03
-12.300E-03 +2.416473E+00 +79.567E-03
-12.200E-03 +2.323508E+00 +79.084E-03
-12.100E-03 +2.206925E+00 +78.728E-03
-12.000E-03 +2.115970E+00 +78.245E-03
-11.900E-03 +2.009437E+00 +77.888E-03
-11.800E-03 +1.901900E+00 +77.516E-03
-11.700E-03 +1.800392E+00 +77.014E-03
-11.600E-03 +1.662704E+00 +76.371E-03
-11.500E-03 +1.568231E+00 +75.707E-03
-11.400E-03 +1.404413E+00 +74.974E-03
-11.300E-03 +1.241096E+00 +74.356E-03
-11.200E-03 +1.122502E+00 +73.401E-03
-11.100E-03 +973.759E-03 +72.552E-03
-11.000E-03 +809.438E-03 +71.712E-03
-10.900E-03 +674.764E-03 +70.748E-03
-10.800E-03 +583.809E-03 +69.783E-03
-10.700E-03 +424.513E-03 +68.944E-03
-10.600E-03 +365.217E-03 +68.099E-03
-10.500E-03 +231.548E-03 +67.140E-03
-10.400E-03 +180.794E-03 +66.175E-03
-10.300E-03 +38.583E-03 +65.150E-03
-10.200E-03 -53.377E-03 +63.954E-03
-10.100E-03 -202.623E-03 +62.486E-03
-10.000E-03 -351.367E-03 +60.682E-03
-9.900E-03 -424.733E-03 +58.753E-03
-9.800E-03 -594.583E-03 +56.572E-03
-9.700E-03 -723.226E-03 +54.200E-03
-9.600E-03 -820.713E-03 +51.788E-03
-9.500E-03 -959.407E-03 +49.225E-03
-9.400E-03 -1.018201E+00 +46.461E-03
-9.300E-03 -1.113176E+00 +43.687E-03
-9.200E-03 -1.202120E+00 +40.918E-03
-9.100E-03 -1.244834E+00 +37.828E-03
-9.000E-03 -1.341316E+00 +34.652E-03
-8.900E-03 -1.397095E+00 +31.170E-03
-8.800E-03 -1.420211E+00 +27.436E-03
-8.700E-03 -1.468452E+00 +23.346E-03
-8.600E-03 -1.541819E+00 +18.898E-03
-8.500E-03 -1.595085E+00 +14.125E-03
-8.400E-03 -1.620210E+00 +8.888E-03
-8.300E-03 -1.648854E+00 +3.351E-03
-8.200E-03 -1.734783E+00 -2.453E-03
-8.100E-03 -1.795588E+00 -8.599E-03
-8.000E-03 -1.831266E+00 -14.996E-03
-7.900E-03 -1.912673E+00 -21.725E-03
-7.800E-03 -2.003125E+00 -28.479E-03
-7.700E-03 -2.055387E+00 -35.107E-03
-7.600E-03 -2.189558E+00 -41.609E-03
-7.500E-03 -2.273477E+00 -48.237E-03
-7.400E-03 -2.422221E+00 -54.509E-03
-7.300E-03 -2.588050E+00 -60.358E-03
-7.200E-03 -2.776995E+00 -65.599E-03
-7.100E-03 -2.961920E+00 -70.127E-03
-7.000E-03 -3.162925E+00 -73.916E-03
-6.900E-03 -3.380513E+00 -77.036E-03
-6.800E-03 -3.596091E+00 -79.569E-03
-6.700E-03 -3.775990E+00 -81.514E-03
-6.600E-03 -3.941819E+00 -82.996E-03
-6.500E-03 -4.059909E+00 -84.142E-03
-6.400E-03 -4.211165E+00 -84.981E-03
-6.300E-03 -4.247849E+00 -85.685E-03
-6.200E-03 -4.344331E+00 -86.051E-03
-6.100E-03 -4.406140E+00 -86.554E-03
-6.000E-03 -4.434281E+00 -86.880E-03
-5.900E-03 -4.446844E+00 -87.182E-03
-5.800E-03 -4.484532E+00 -87.343E-03
-5.700E-03 -4.497095E+00 -87.559E-03
-5.600E-03 -4.497597E+00 -87.685E-03
-5.500E-03 -4.497095E+00 -87.685E-03
-5.400E-03 -4.497095E+00 -87.685E-03
-5.300E-03 -4.484532E+00 -87.685E-03
-5.200E-03 -4.467949E+00 -87.725E-03
-5.100E-03 -4.446844E+00 -87.685E-03
-5.000E-03 -4.434281E+00 -87.685E-03
-4.900E-03 -4.423728E+00 -87.579E-03
-4.800E-03 -4.421718E+00 -87.559E-03
-4.700E-03 -4.402622E+00 -87.494E-03
-4.600E-03 -4.379507E+00 -87.433E-03
-4.500E-03 -4.343828E+00 -87.433E-03
-4.400E-03 -4.308150E+00 -87.308E-03
-4.300E-03 -4.272472E+00 -87.308E-03
-4.200E-03 -4.245839E+00 -87.217E-03
-4.100E-03 -4.233276E+00 -87.182E-03
-4.000E-03 -4.228250E+00 -87.056E-03
-3.900E-03 -4.217698E+00 -87.056E-03
-3.800E-03 -4.194582E+00 -86.931E-03
-3.700E-03 -4.146341E+00 -86.931E-03
-3.600E-03 -4.110663E+00 -86.805E-03
-3.500E-03 -4.062421E+00 -86.679E-03
-3.400E-03 -4.032271E+00 -86.554E-03
-3.300E-03 -4.016190E+00 -86.428E-03
-3.200E-03 -3.941316E+00 -86.303E-03
-3.100E-03 -3.844833E+00 -86.056E-03
-3.000E-03 -3.786039E+00 -85.800E-03
-2.900E-03 -3.634783E+00 -85.343E-03
-2.800E-03 -3.499607E+00 -84.986E-03
-2.700E-03 -3.358903E+00 -84.378E-03
-2.600E-03 -3.211667E+00 -83.896E-03
-2.500E-03 -3.027245E+00 -83.413E-03
-2.400E-03 -2.884531E+00 -82.805E-03
-2.300E-03 -2.784029E+00 -82.323E-03
-2.200E-03 -2.631266E+00 -81.840E-03
-2.100E-03 -2.523727E+00 -81.358E-03
-2.000E-03 -2.421718E+00 -81.001E-03
-1.900E-03 -2.359406E+00 -80.644E-03
-1.800E-03 -2.226240E+00 -80.162E-03
-1.700E-03 -2.136793E+00 -79.679E-03
-1.600E-03 -2.015185E+00 -79.142E-03
-1.500E-03 -1.863928E+00 -78.463E-03
-1.400E-03 -1.743325E+00 -77.825E-03
-1.300E-03 -1.604632E+00 -76.996E-03
-1.200E-03 -1.434783E+00 -76.147E-03
-1.100E-03 -1.308652E+00 -75.308E-03
-1.000E-03 -1.183024E+00 -74.343E-03
-900E-06 -1.031265E+00 -73.378E-03
-800E-06 -924.230E-03 -72.413E-03
-700E-06 -802.120E-03 -71.574E-03
-600E-06 -692.069E-03 -70.609E-03
-500E-06 -592.572E-03 -69.770E-03
-400E-06 -452.873E-03 -68.725E-03
-300E-06 -395.587E-03 -67.589E-03
-200E-06 -251.366E-03 -66.373E-03
-100E-06 -154.883E-03 -64.886E-03
+0.0E+00 +393E-06 -63.187E-03
+100E-06 +155.670E-03 -61.237E-03
+200E-06 +239.589E-03 -58.991E-03
+300E-06 +383.810E-03 -56.579E-03
+400E-06 +483.308E-03 -54.167E-03
+500E-06 +593.358E-03 -51.604E-03
+600E-06 +692.353E-03 -48.840E-03
+700E-06 +790.343E-03 -46.177E-03
+800E-06 +826.021E-03 -43.298E-03
+900E-06 +938.584E-03 -40.277E-03
+1.000E-03 +997.880E-03 -37.081E-03
+1.100E-03 +1.033559E+00 -33.705E-03
+1.200E-03 +1.108936E+00 -29.941E-03
+1.300E-03 +1.180292E+00 -25.840E-03
+1.400E-03 +1.203408E+00 -21.499E-03
+1.500E-03 +1.239086E+00 -16.504E-03
+1.600E-03 +1.312453E+00 -11.197E-03
+1.700E-03 +1.373257E+00 -5.730E-03
+1.800E-03 +1.396373E+00 +59E-06
+1.900E-03 +1.432051E+00 +6.220E-03
+2.000E-03 +1.528031E+00 +12.617E-03
+2.100E-03 +1.591348E+00 +19.265E-03
+2.200E-03 +1.639589E+00 +25.974E-03
+2.300E-03 +1.754664E+00 +32.687E-03
+2.400E-03 +1.826021E+00 +39.356E-03
+2.500E-03 +1.985317E+00 +45.858E-03
+2.600E-03 +2.115469E+00 +52.130E-03
+2.700E-03 +2.249639E+00 +57.853E-03
+2.800E-03 +2.425519E+00 +63.094E-03
+2.900E-03 +2.627026E+00 +67.622E-03
+3.000E-03 +2.824514E+00 +71.411E-03
+3.100E-03 +3.031047E+00 +74.406E-03
+3.200E-03 +3.238584E+00 +76.954E-03
+3.300E-03 +3.423006E+00 +78.883E-03
+3.400E-03 +3.607428E+00 +80.295E-03
+3.500E-03 +3.771750E+00 +81.511E-03
+3.600E-03 +3.850644E+00 +82.351E-03
+3.700E-03 +3.971247E+00 +83.054E-03
+3.800E-03 +4.007930E+00 +83.537E-03
+3.900E-03 +4.030041E+00 +83.924E-03
+4.000E-03 +4.078282E+00 +84.175E-03
+4.100E-03 +4.139086E+00 +84.481E-03
+4.200E-03 +4.174765E+00 +84.712E-03
+4.300E-03 +4.196373E+00 +84.929E-03
+4.400E-03 +4.196373E+00 +85.049E-03
+4.500E-03 +4.196373E+00 +85.054E-03
+4.600E-03 +4.188332E+00 +85.054E-03
+4.700E-03 +4.183810E+00 +85.054E-03
+4.800E-03 +4.158684E+00 +85.054E-03
+4.900E-03 +4.129538E+00 +85.054E-03
+5.000E-03 +4.083307E+00 +85.054E-03
+5.100E-03 +4.047629E+00 +84.929E-03
+5.200E-03 +4.033056E+00 +84.843E-03
+5.300E-03 +4.020493E+00 +84.803E-03
+5.400E-03 +4.007930E+00 +84.803E-03
+5.500E-03 +4.007930E+00 +84.677E-03
+5.600E-03 +3.995367E+00 +84.672E-03
+5.700E-03 +3.982805E+00 +84.552E-03
+5.800E-03 +3.957679E+00 +84.552E-03
+5.900E-03 +3.925518E+00 +84.481E-03
+6.000E-03 +3.877277E+00 +84.426E-03
+6.100E-03 +3.844614E+00 +84.300E-03
+6.200E-03 +3.819488E+00 +84.175E-03
+6.300E-03 +3.807930E+00 +84.175E-03
+6.400E-03 +3.797377E+00 +84.175E-03
+6.500E-03 +3.774262E+00 +84.049E-03
+6.600E-03 +3.720493E+00 +83.924E-03
+6.700E-03 +3.652654E+00 +83.763E-03
+6.800E-03 +3.604413E+00 +83.657E-03
+6.900E-03 +3.519487E+00 +83.421E-03
+7.000E-03 +3.419990E+00 +83.069E-03
+7.100E-03 +3.322502E+00 +82.632E-03
+7.200E-03 +3.191849E+00 +82.230E-03
+7.300E-03 +3.019990E+00 +81.748E-03
+7.400E-03 +2.856673E+00 +81.245E-03
+7.500E-03 +2.726522E+00 +80.657E-03
+7.600E-03 +2.579789E+00 +80.049E-03
+7.700E-03 +2.420493E+00 +79.567E-03
+7.800E-03 +2.310945E+00 +79.084E-03
+7.900E-03 +2.206925E+00 +78.602E-03
+8.000E-03 +2.113457E+00 +78.245E-03
+8.100E-03 +1.997377E+00 +77.768E-03
+8.200E-03 +1.890844E+00 +77.406E-03
+8.300E-03 +1.800392E+00 +76.924E-03
+8.400E-03 +1.655668E+00 +76.441E-03
+8.500E-03 +1.568231E+00 +75.707E-03
+8.600E-03 +1.404412E+00 +75.069E-03
+8.700E-03 +1.242101E+00 +74.240E-03
+8.800E-03 +1.122502E+00 +73.516E-03
+8.900E-03 +973.759E-03 +72.552E-03
+9.000E-03 +809.438E-03 +71.712E-03
+9.100E-03 +687.327E-03 +70.748E-03
+9.200E-03 +583.809E-03 +69.908E-03
+9.300E-03 +437.076E-03 +68.944E-03
+9.400E-03 +365.719E-03 +68.104E-03
+9.500E-03 +231.548E-03 +67.140E-03
+9.600E-03 +172.754E-03 +66.175E-03
+9.700E-03 +32.553E-03 +65.084E-03
+9.800E-03 -61.920E-03 +63.828E-03
+9.900E-03 -202.623E-03 +62.361E-03
+10.000E-03 -351.367E-03 +60.557E-03
+10.100E-03 -435.286E-03 +58.627E-03
+10.200E-03 -594.583E-03 +56.446E-03
+10.300E-03 -729.257E-03 +54.074E-03
+10.400E-03 -825.236E-03 +51.662E-03
+10.500E-03 -959.407E-03 +49.125E-03
+10.600E-03 -1.018201E+00 +46.456E-03
+10.700E-03 -1.114683E+00 +43.687E-03
+10.800E-03 -1.202120E+00 +40.918E-03
+10.900E-03 -1.250361E+00 +37.828E-03
+11.000E-03 -1.341316E+00 +34.577E-03
+11.100E-03 -1.397095E+00 +31.074E-03
+11.200E-03 -1.420211E+00 +27.426E-03
+11.300E-03 -1.468452E+00 +23.210E-03
+11.400E-03 -1.541819E+00 +18.647E-03
+11.500E-03 -1.602623E+00 +13.748E-03
+11.600E-03 -1.620210E+00 +8.511E-03
+11.700E-03 -1.648854E+00 +2.974E-03
+11.800E-03 -1.723728E+00 -2.830E-03
+11.900E-03 -1.783527E+00 -8.976E-03
+12.000E-03 -1.831266E+00 -15.348E-03
+12.100E-03 -1.920714E+00 -22.102E-03
+12.200E-03 -2.003125E+00 -28.730E-03
+12.300E-03 -2.055387E+00 -35.443E-03
+12.400E-03 -2.200110E+00 -41.986E-03
+12.500E-03 -2.273478E+00 -48.489E-03
+12.600E-03 -2.422221E+00 -54.654E-03
+12.700E-03 -2.596593E+00 -60.484E-03
+12.800E-03 -2.776995E+00 -65.599E-03
+12.900E-03 -2.961920E+00 -70.127E-03
+13.000E-03 -3.165438E+00 -73.916E-03
+13.100E-03 -3.368453E+00 -77.036E-03
+13.200E-03 -3.596091E+00 -79.569E-03
+13.300E-03 -3.775990E+00 -81.514E-03
+13.400E-03 -3.929257E+00 -82.996E-03
+13.500E-03 -4.054884E+00 -84.142E-03
+13.600E-03 -4.201618E+00 -85.076E-03
+13.700E-03 -4.246844E+00 -85.569E-03
+13.800E-03 -4.320211E+00 -86.167E-03
+13.900E-03 -4.406140E+00 -86.524E-03
+14.000E-03 -4.429256E+00 -86.931E-03
+14.100E-03 -4.446844E+00 -87.182E-03
+14.200E-03 -4.475487E+00 -87.343E-03
+14.300E-03 -4.509658E+00 -87.559E-03
+14.400E-03 -4.522221E+00 -87.685E-03
+14.500E-03 -4.509658E+00 -87.685E-03
+14.600E-03 -4.509658E+00 -87.810E-03
+14.700E-03 -4.484532E+00 -87.810E-03
+14.800E-03 -4.471969E+00 -87.810E-03
+14.900E-03 -4.446844E+00 -87.685E-03
+15.000E-03 -4.434281E+00 -87.685E-03
+15.100E-03 -4.421718E+00 -87.685E-03
+15.200E-03 -4.421718E+00 -87.559E-03
+15.300E-03 -4.396592E+00 -87.494E-03
+15.400E-03 -4.379507E+00 -87.433E-03
+15.500E-03 -4.343828E+00 -87.408E-03
+15.600E-03 -4.308150E+00 -87.308E-03
+15.700E-03 -4.283527E+00 -87.308E-03
+15.800E-03 -4.249356E+00 -87.217E-03
+15.900E-03 -4.233276E+00 -87.182E-03
+16.000E-03 -4.228250E+00 -87.182E-03
+16.100E-03 -4.220713E+00 -87.056E-03
+16.200E-03 -4.195587E+00 -86.931E-03
+16.300E-03 -4.158904E+00 -86.931E-03
+16.400E-03 -4.120210E+00 -86.805E-03
+16.500E-03 -4.062421E+00 -86.679E-03
+16.600E-03 -4.039306E+00 -86.679E-03
+16.700E-03 -4.016190E+00 -86.428E-03
+16.800E-03 -3.964933E+00 -86.288E-03
+16.900E-03 -3.844833E+00 -86.051E-03
+17.000E-03 -3.786039E+00 -85.800E-03
+17.100E-03 -3.639305E+00 -85.468E-03
+17.200E-03 -3.512169E+00 -84.986E-03
+17.300E-03 -3.362923E+00 -84.418E-03
+17.400E-03 -3.211667E+00 -83.896E-03
+17.500E-03 -3.039808E+00 -83.288E-03
+17.600E-03 -2.886541E+00 -82.805E-03
+17.700E-03 -2.784029E+00 -82.283E-03
+17.800E-03 -2.624733E+00 -81.780E-03
+17.900E-03 -2.519205E+00 -81.358E-03
+18.000E-03 -2.421718E+00 -81.001E-03
+18.100E-03 -2.347345E+00 -80.519E-03
+18.200E-03 -2.224733E+00 -80.162E-03
+18.300E-03 -2.133275E+00 -79.679E-03
+18.400E-03 -2.015185E+00 -79.197E-03
+18.500E-03 -1.863928E+00 -78.539E-03
+18.600E-03 -1.746340E+00 -77.825E-03
+18.700E-03 -1.605637E+00 -76.996E-03
+18.800E-03 -1.434783E+00 -76.147E-03
+18.900E-03 -1.308652E+00 -75.308E-03
+19.000E-03 -1.177999E+00 -74.343E-03
+19.100E-03 -1.024230E+00 -73.378E-03
+19.200E-03 -915.184E-03 -72.448E-03
+19.300E-03 -802.120E-03 -71.574E-03
+19.400E-03 -692.069E-03 -70.730E-03
+19.500E-03 -595.084E-03 -69.770E-03
+19.600E-03 -473.476E-03 -68.805E-03
+19.700E-03 -395.587E-03 -67.715E-03
+19.800E-03 -251.366E-03 -66.418E-03
+19.900E-03 -154.883E-03 -64.906E-03
+20.000E-03 +393E-06 -63.187E-03
+20.100E-03 +157.680E-03 -61.257E-03
+20.200E-03 +239.589E-03 -59.117E-03
+20.300E-03 +383.810E-03 -56.705E-03
+20.400E-03 +495.871E-03 -54.167E-03
+20.500E-03 +605.920E-03 -51.604E-03
+20.600E-03 +705.418E-03 -48.961E-03
+20.700E-03 +790.343E-03 -46.066E-03
+20.800E-03 +835.066E-03 -43.172E-03
+20.900E-03 +931.549E-03 -40.081E-03
+21.000E-03 +997.880E-03 -37.081E-03
+21.100E-03 +1.036574E+00 -33.674E-03
+21.200E-03 +1.120494E+00 -29.941E-03
+21.300E-03 +1.181297E+00 -25.840E-03
+21.400E-03 +1.206423E+00 -21.499E-03
+21.500E-03 +1.239086E+00 -16.579E-03
+21.600E-03 +1.312453E+00 -11.323E-03
+21.700E-03 +1.373257E+00 -5.855E-03
+21.800E-03 +1.396373E+00 -66E-06
+21.900E-03 +1.432051E+00 +5.969E-03
+22.000E-03 +1.515468E+00 +12.341E-03
+22.100E-03 +1.591348E+00 +18.969E-03
+22.200E-03 +1.633056E+00 +25.723E-03
+22.300E-03 +1.754664E+00 +32.351E-03
+22.400E-03 +1.826021E+00 +39.084E-03
+22.500E-03 +1.972755E+00 +45.607E-03
+22.600E-03 +2.113459E+00 +51.878E-03
+22.700E-03 +2.249640E+00 +57.602E-03
+22.800E-03 +2.412956E+00 +62.908E-03
+22.900E-03 +2.614464E+00 +67.496E-03
+23.000E-03 +2.822001E+00 +71.310E-03
+23.100E-03 +3.031047E+00 +74.406E-03
+23.200E-03 +3.237077E+00 +76.939E-03
+23.300E-03 +3.423006E+00 +78.883E-03
+23.400E-03 +3.607428E+00 +80.366E-03
+23.500E-03 +3.771750E+00 +81.511E-03
+23.600E-03 +3.853660E+00 +82.351E-03
+23.700E-03 +3.972252E+00 +83.054E-03
+23.800E-03 +4.007930E+00 +83.537E-03
+23.900E-03 +4.030041E+00 +83.893E-03
+24.000E-03 +4.090845E+00 +84.250E-03
+24.100E-03 +4.146121E+00 +84.552E-03
+24.200E-03 +4.174765E+00 +84.677E-03
+24.300E-03 +4.185317E+00 +84.929E-03
+24.400E-03 +4.184312E+00 +84.929E-03
+24.500E-03 +4.193860E+00 +85.054E-03
+24.600E-03 +4.183810E+00 +85.054E-03
+24.700E-03 +4.177779E+00 +85.054E-03
+24.800E-03 +4.158684E+00 +85.054E-03
+24.900E-03 +4.120996E+00 +85.054E-03
+25.000E-03 +4.083307E+00 +84.929E-03
+25.100E-03 +4.047629E+00 +84.929E-03
+25.200E-03 +4.033056E+00 +84.843E-03
+25.300E-03 +4.020493E+00 +84.803E-03
+25.400E-03 +4.015970E+00 +84.677E-03
+25.500E-03 +4.007930E+00 +84.677E-03
+25.600E-03 +3.995367E+00 +84.677E-03
+25.700E-03 +3.982805E+00 +84.552E-03
+25.800E-03 +3.948634E+00 +84.552E-03
+25.900E-03 +3.919991E+00 +84.426E-03
+26.000E-03 +3.877277E+00 +84.426E-03
+26.100E-03 +3.844614E+00 +84.396E-03
+26.200E-03 +3.819488E+00 +84.185E-03
+26.300E-03 +3.807930E+00 +84.175E-03
+26.400E-03 +3.797377E+00 +84.145E-03
+26.500E-03 +3.761699E+00 +83.974E-03
+26.600E-03 +3.700895E+00 +83.924E-03
+26.700E-03 +3.640091E+00 +83.672E-03
+26.800E-03 +3.604412E+00 +83.532E-03
+26.900E-03 +3.506925E+00 +83.300E-03
+27.000E-03 +3.417478E+00 +82.944E-03
+27.100E-03 +3.309939E+00 +82.587E-03
+27.200E-03 +3.191849E+00 +82.230E-03
+27.300E-03 +3.011448E+00 +81.707E-03
+27.400E-03 +2.835568E+00 +81.245E-03
+27.500E-03 +2.713959E+00 +80.532E-03
+27.600E-03 +2.579789E+00 +80.069E-03
+27.700E-03 +2.416473E+00 +79.567E-03
+27.800E-03 +2.310944E+00 +79.084E-03
+27.900E-03 +2.206925E+00 +78.647E-03
+28.000E-03 +2.103407E+00 +78.245E-03
+28.100E-03 +1.997377E+00 +77.888E-03
+28.200E-03 +1.889337E+00 +77.406E-03
+28.300E-03 +1.791347E+00 +76.924E-03
+28.400E-03 +1.655668E+00 +76.441E-03
+28.500E-03 +1.555668E+00 +75.783E-03
+28.600E-03 +1.401397E+00 +75.069E-03
+28.700E-03 +1.241095E+00 +74.356E-03
+28.800E-03 +1.122502E+00 +73.506E-03
+28.900E-03 +973.759E-03 +72.647E-03
+29.000E-03 +801.900E-03 +71.637E-03
+29.100E-03 +669.236E-03 +70.677E-03
+29.200E-03 +567.729E-03 +69.783E-03
+29.300E-03 +424.513E-03 +68.818E-03
+29.400E-03 +353.156E-03 +67.979E-03
+29.500E-03 +218.985E-03 +67.114E-03
+29.600E-03 +168.232E-03 +66.175E-03
+29.700E-03 +32.553E-03 +65.084E-03
+29.800E-03 -61.920E-03 +63.828E-03
+29.900E-03 -202.623E-03 +62.361E-03
+30.000E-03 -338.804E-03 +60.682E-03
+30.100E-03 -435.286E-03 +58.647E-03
+30.200E-03 -594.583E-03 +56.486E-03
+30.300E-03 -722.724E-03 +54.200E-03
+30.400E-03 -825.236E-03 +51.743E-03
+30.500E-03 -959.407E-03 +49.099E-03
+30.600E-03 -1.017698E+00 +46.456E-03
+30.700E-03 -1.124232E+00 +43.577E-03
+30.800E-03 -1.202120E+00 +40.793E-03
+30.900E-03 -1.250361E+00 +37.773E-03
+31.000E-03 -1.341316E+00 +34.577E-03
+31.100E-03 -1.406643E+00 +31.200E-03
+31.200E-03 -1.420211E+00 +27.562E-03
+31.300E-03 -1.468452E+00 +23.346E-03
+31.400E-03 -1.551367E+00 +18.898E-03
+31.500E-03 -1.602623E+00 +13.999E-03
+31.600E-03 -1.620210E+00 +8.763E-03
+31.700E-03 -1.661417E+00 +3.225E-03
+31.800E-03 -1.734784E+00 -2.579E-03
+31.900E-03 -1.795588E+00 -8.730E-03
+32.000E-03 -1.831266E+00 -15.222E-03
+32.100E-03 -1.920714E+00 -21.976E-03
+32.200E-03 -2.003125E+00 -28.544E-03
+32.300E-03 -2.055387E+00 -35.232E-03
+32.400E-03 -2.200110E+00 -41.735E-03
+32.500E-03 -2.286041E+00 -48.363E-03
+32.600E-03 -2.422221E+00 -54.529E-03
+32.700E-03 -2.596593E+00 -60.443E-03
+32.800E-03 -2.783528E+00 -65.659E-03
+32.900E-03 -2.969960E+00 -70.127E-03
+33.000E-03 -3.175488E+00 -74.016E-03
+33.100E-03 -3.393076E+00 -77.036E-03
+33.200E-03 -3.597599E+00 -79.569E-03
+33.300E-03 -3.792071E+00 -81.514E-03
+33.400E-03 -3.941820E+00 -82.996E-03
+33.500E-03 -4.059910E+00 -84.142E-03
+33.600E-03 -4.211165E+00 -84.981E-03
+33.700E-03 -4.246844E+00 -85.685E-03
+33.800E-03 -4.331769E+00 -86.167E-03
+33.900E-03 -4.406140E+00 -86.524E-03
+34.000E-03 -4.429256E+00 -86.880E-03
+34.100E-03 -4.446844E+00 -87.182E-03
+34.200E-03 -4.462924E+00 -87.343E-03
+34.300E-03 -4.486040E+00 -87.559E-03
+34.400E-03 -4.497095E+00 -87.564E-03
+34.500E-03 -4.497095E+00 -87.685E-03
+34.600E-03 -4.489054E+00 -87.810E-03
+34.700E-03 -4.478502E+00 -87.745E-03
+34.800E-03 -4.459406E+00 -87.770E-03
+34.900E-03 -4.446844E+00 -87.685E-03
+35.000E-03 -4.434281E+00 -87.685E-03
+35.100E-03 -4.421718E+00 -87.579E-03
+35.200E-03 -4.421718E+00 -87.559E-03
+35.300E-03 -4.402622E+00 -87.494E-03
+35.400E-03 -4.379507E+00 -87.433E-03
+35.500E-03 -4.343828E+00 -87.433E-03
+35.600E-03 -4.320210E+00 -87.308E-03
+35.700E-03 -4.270964E+00 -87.308E-03
+35.800E-03 -4.249356E+00 -87.182E-03
+35.900E-03 -4.233276E+00 -87.182E-03
+36.000E-03 -4.228250E+00 -87.132E-03
+36.100E-03 -4.220713E+00 -87.056E-03
+36.200E-03 -4.207145E+00 -86.931E-03
+36.300E-03 -4.158904E+00 -86.931E-03
+36.400E-03 -4.120210E+00 -86.805E-03
+36.500E-03 -4.062421E+00 -86.730E-03
+36.600E-03 -4.032271E+00 -86.554E-03
+36.700E-03 -4.016190E+00 -86.428E-03
+36.800E-03 -3.953878E+00 -86.288E-03
+36.900E-03 -3.844833E+00 -86.051E-03
+37.000E-03 -3.786039E+00 -85.700E-03
+37.100E-03 -3.639305E+00 -85.343E-03
+37.200E-03 -3.512169E+00 -84.860E-03
+37.300E-03 -3.371465E+00 -84.418E-03
+37.400E-03 -3.211667E+00 -83.896E-03
+37.500E-03 -3.039808E+00 -83.413E-03
+37.600E-03 -2.899104E+00 -82.805E-03
+37.700E-03 -2.788049E+00 -82.323E-03
+37.800E-03 -2.631265E+00 -81.840E-03
+37.900E-03 -2.523727E+00 -81.358E-03
+38.000E-03 -2.421718E+00 -80.901E-03
+38.100E-03 -2.347345E+00 -80.519E-03
+38.200E-03 -2.226240E+00 -80.147E-03
+38.300E-03 -2.136792E+00 -79.679E-03
+38.400E-03 -2.015185E+00 -79.071E-03
+38.500E-03 -1.868953E+00 -78.463E-03
+38.600E-03 -1.743325E+00 -77.825E-03
+38.700E-03 -1.605637E+00 -76.996E-03
+38.800E-03 -1.434782E+00 -76.157E-03
+38.900E-03 -1.308651E+00 -75.308E-03
+39.000E-03 -1.183024E+00 -74.343E-03
+39.100E-03 -1.024230E+00 -73.378E-03
+39.200E-03 -906.139E-03 -72.504E-03
+39.300E-03 -802.120E-03 -71.574E-03
+39.400E-03 -692.069E-03 -70.609E-03
+39.500E-03 -592.572E-03 -69.644E-03
+39.600E-03 -460.913E-03 -68.725E-03
+39.700E-03 -395.587E-03 -67.589E-03
+39.800E-03 -242.823E-03 -66.333E-03
+39.900E-03 -152.872E-03 -64.865E-03
+40.000E-03 +393E-06 -63.187E-03
+40.100E-03 +157.680E-03 -61.152E-03
+40.200E-03 +252.152E-03 -58.991E-03
+40.300E-03 +389.840E-03 -56.579E-03
+40.400E-03 +495.871E-03 -54.122E-03
+40.500E-03 +603.408E-03 -51.478E-03
+40.600E-03 +704.916E-03 -48.835E-03
+40.700E-03 +790.343E-03 -45.941E-03
+40.800E-03 +838.584E-03 -43.046E-03
+40.900E-03 +944.112E-03 -40.026E-03
+41.000E-03 +997.880E-03 -36.880E-03
+41.100E-03 +1.036574E+00 -33.549E-03
+41.200E-03 +1.120494E+00 -29.815E-03
+41.300E-03 +1.180292E+00 -25.705E-03
+41.400E-03 +1.203408E+00 -21.277E-03
+41.500E-03 +1.239086E+00 -16.378E-03
+41.600E-03 +1.305418E+00 -11.071E-03
+41.700E-03 +1.382302E+00 -5.514E-03
+41.800E-03 +1.407428E+00 +185E-06
+41.900E-03 +1.432051E+00 +6.346E-03
+42.000E-03 +1.538082E+00 +12.743E-03
+42.100E-03 +1.595870E+00 +19.391E-03
+42.200E-03 +1.645619E+00 +26.099E-03
+42.300E-03 +1.754665E+00 +32.728E-03
+42.400E-03 +1.826021E+00 +39.356E-03
+42.500E-03 +1.985318E+00 +45.858E-03
+42.600E-03 +2.126022E+00 +52.130E-03
+42.700E-03 +2.249640E+00 +57.853E-03
+42.800E-03 +2.412956E+00 +63.094E-03
+42.900E-03 +2.627027E+00 +67.622E-03
+43.000E-03 +2.824514E+00 +71.411E-03
+43.100E-03 +3.031048E+00 +74.532E-03
+43.200E-03 +3.237077E+00 +76.954E-03
+43.300E-03 +3.423006E+00 +78.919E-03
+43.400E-03 +3.607428E+00 +80.366E-03
+43.500E-03 +3.771750E+00 +81.511E-03
+43.600E-03 +3.853660E+00 +82.351E-03
+43.700E-03 +3.971247E+00 +82.939E-03
+43.800E-03 +4.007930E+00 +83.537E-03
+43.900E-03 +4.030041E+00 +83.893E-03
+44.000E-03 +4.098383E+00 +84.250E-03
+44.100E-03 +4.146121E+00 +84.552E-03
+44.200E-03 +4.174765E+00 +84.712E-03
+44.300E-03 +4.185318E+00 +84.913E-03
+44.400E-03 +4.184312E+00 +84.929E-03
+44.500E-03 +4.196373E+00 +85.054E-03
+44.600E-03 +4.183810E+00 +85.054E-03
+44.700E-03 +4.171247E+00 +85.054E-03
+44.800E-03 +4.154664E+00 +85.054E-03
+44.900E-03 +4.120996E+00 +85.054E-03
+45.000E-03 +4.083307E+00 +85.054E-03
+45.100E-03 +4.058182E+00 +84.929E-03
+45.200E-03 +4.033056E+00 +84.929E-03
+45.300E-03 +4.020493E+00 +84.803E-03
+45.400E-03 +4.007930E+00 +84.803E-03
+45.500E-03 +4.007930E+00 +84.677E-03
+45.600E-03 +3.995367E+00 +84.677E-03
+45.700E-03 +3.982805E+00 +84.552E-03
+45.800E-03 +3.948634E+00 +84.552E-03
+45.900E-03 +3.912955E+00 +84.552E-03
+46.000E-03 +3.877277E+00 +84.426E-03
+46.100E-03 +3.844614E+00 +84.396E-03
+46.200E-03 +3.819488E+00 +84.300E-03
+46.300E-03 +3.807930E+00 +84.175E-03
+46.400E-03 +3.797377E+00 +84.079E-03
+46.500E-03 +3.774262E+00 +83.974E-03
+46.600E-03 +3.720493E+00 +83.798E-03
+46.700E-03 +3.652654E+00 +83.672E-03
+46.800E-03 +3.604412E+00 +83.547E-03
+46.900E-03 +3.518985E+00 +83.300E-03
+47.000E-03 +3.419990E+00 +83.069E-03
+47.100E-03 +3.322502E+00 +82.667E-03
+47.200E-03 +3.191849E+00 +82.230E-03
+47.300E-03 +3.019990E+00 +81.748E-03
+47.400E-03 +2.846120E+00 +81.140E-03
+47.500E-03 +2.726522E+00 +80.657E-03
+47.600E-03 +2.579789E+00 +80.049E-03
+47.700E-03 +2.416473E+00 +79.567E-03
+47.800E-03 +2.317477E+00 +79.084E-03
+47.900E-03 +2.206925E+00 +78.602E-03
+48.000E-03 +2.113457E+00 +78.245E-03
+48.100E-03 +2.009437E+00 +77.888E-03
+48.200E-03 +1.889336E+00 +77.406E-03
+48.300E-03 +1.800392E+00 +76.924E-03
+48.400E-03 +1.650140E+00 +76.371E-03
+48.500E-03 +1.568231E+00 +75.707E-03
+48.600E-03 +1.401397E+00 +75.069E-03
+48.700E-03 +1.241095E+00 +74.356E-03
+48.800E-03 +1.122502E+00 +73.516E-03
+48.900E-03 +973.759E-03 +72.552E-03
+49.000E-03 +801.900E-03 +71.712E-03
+49.100E-03 +681.798E-03 +70.748E-03
+49.200E-03 +583.809E-03 +69.783E-03
+49.300E-03 +424.513E-03 +68.944E-03
+49.400E-03 +365.216E-03 +67.979E-03
+49.500E-03 +231.548E-03 +67.140E-03
+49.600E-03 +172.754E-03 +66.175E-03
+49.700E-03 +26.020E-03 +65.084E-03
+49.800E-03 -65.940E-03 +63.828E-03
+49.900E-03 -204.633E-03 +62.255E-03
+50.000E-03 -351.367E-03 +60.557E-03
+50.100E-03 -435.286E-03 +58.521E-03
+50.200E-03 -594.583E-03 +56.361E-03
+50.300E-03 -735.287E-03 +54.074E-03
+50.400E-03 -825.236E-03 +51.617E-03
+50.500E-03 -961.920E-03 +48.999E-03
+50.600E-03 -1.018201E+00 +46.456E-03
+50.700E-03 -1.114683E+00 +43.562E-03
+50.800E-03 -1.202120E+00 +40.793E-03
+50.900E-03 -1.244834E+00 +37.773E-03
+51.000E-03 -1.341317E+00 +34.577E-03
+51.100E-03 -1.397095E+00 +31.074E-03
+51.200E-03 -1.420211E+00 +27.436E-03
+51.300E-03 -1.468452E+00 +23.326E-03
+51.400E-03 -1.541819E+00 +18.773E-03
+51.500E-03 -1.595085E+00 +13.873E-03
+51.600E-03 -1.620210E+00 +8.692E-03
+51.700E-03 -1.648854E+00 +3.135E-03
+51.800E-03 -1.723729E+00 -2.690E-03
+51.900E-03 -1.795588E+00 -8.730E-03
+52.000E-03 -1.831266E+00 -15.222E-03
+52.100E-03 -1.920714E+00 -21.976E-03
+52.200E-03 -2.003125E+00 -28.669E-03
+52.300E-03 -2.055387E+00 -35.318E-03
+52.400E-03 -2.200110E+00 -41.966E-03
+52.500E-03 -2.286041E+00 -48.489E-03
+52.600E-03 -2.422221E+00 -54.654E-03
+52.700E-03 -2.584031E+00 -60.569E-03
+52.800E-03 -2.776996E+00 -65.599E-03
+52.900E-03 -2.961920E+00 -70.127E-03
+53.000E-03 -3.175488E+00 -74.041E-03
+53.100E-03 -3.381016E+00 -77.162E-03
+53.200E-03 -3.599106E+00 -79.584E-03
+53.300E-03 -3.792071E+00 -81.549E-03
+53.400E-03 -3.954383E+00 -83.122E-03
+53.500E-03 -4.059910E+00 -84.267E-03
+53.600E-03 -4.211166E+00 -85.076E-03
+53.700E-03 -4.247849E+00 -85.685E-03
+53.800E-03 -4.331769E+00 -86.167E-03
+53.900E-03 -4.406140E+00 -86.524E-03
+54.000E-03 -4.429256E+00 -86.931E-03
+54.100E-03 -4.446844E+00 -87.182E-03
+54.200E-03 -4.475487E+00 -87.433E-03
+54.300E-03 -4.495587E+00 -87.559E-03
+54.400E-03 -4.497095E+00 -87.685E-03
+54.500E-03 -4.497095E+00 -87.710E-03
+54.600E-03 -4.492573E+00 -87.810E-03
+54.700E-03 -4.471969E+00 -87.810E-03
+54.800E-03 -4.459406E+00 -87.770E-03
+54.900E-03 -4.446844E+00 -87.685E-03
+55.000E-03 -4.434281E+00 -87.685E-03
+55.100E-03 -4.423728E+00 -87.685E-03
+55.200E-03 -4.413175E+00 -87.559E-03
+55.300E-03 -4.402622E+00 -87.559E-03
+55.400E-03 -4.371467E+00 -87.433E-03
+55.500E-03 -4.333778E+00 -87.433E-03
+55.600E-03 -4.296090E+00 -87.308E-03
+55.700E-03 -4.270964E+00 -87.308E-03
+55.800E-03 -4.249356E+00 -87.182E-03
+55.900E-03 -4.233276E+00 -87.182E-03
+56.000E-03 -4.220713E+00 -87.056E-03
+56.100E-03 -4.217698E+00 -87.026E-03
+56.200E-03 -4.194582E+00 -86.931E-03
+56.300E-03 -4.146341E+00 -86.931E-03
+56.400E-03 -4.098100E+00 -86.805E-03
+56.500E-03 -4.062421E+00 -86.679E-03
+56.600E-03 -4.032271E+00 -86.554E-03
+56.700E-03 -4.007145E+00 -86.428E-03
+56.800E-03 -3.941315E+00 -86.177E-03
+56.900E-03 -3.844833E+00 -86.051E-03
+57.000E-03 -3.786039E+00 -85.700E-03
+57.100E-03 -3.639305E+00 -85.343E-03
+57.200E-03 -3.499606E+00 -84.860E-03
+57.300E-03 -3.358902E+00 -84.504E-03
+57.400E-03 -3.209657E+00 -83.896E-03
+57.500E-03 -3.027245E+00 -83.288E-03
+57.600E-03 -2.873978E+00 -82.805E-03
+57.700E-03 -2.784029E+00 -82.323E-03
+57.800E-03 -2.631265E+00 -81.840E-03
+57.900E-03 -2.519204E+00 -81.358E-03
+58.000E-03 -2.421718E+00 -81.001E-03
+58.100E-03 -2.347345E+00 -80.644E-03
+58.200E-03 -2.226240E+00 -80.162E-03
+58.300E-03 -2.133275E+00 -79.679E-03
+58.400E-03 -2.015185E+00 -79.071E-03
+58.500E-03 -1.863928E+00 -78.463E-03
+58.600E-03 -1.730762E+00 -77.825E-03
+58.700E-03 -1.604632E+00 -76.996E-03
+58.800E-03 -1.434782E+00 -76.262E-03
+58.900E-03 -1.308651E+00 -75.308E-03
+59.000E-03 -1.177999E+00 -74.343E-03
+59.100E-03 -1.024230E+00 -73.378E-03
+59.200E-03 -915.184E-03 -72.413E-03
+59.300E-03 -802.120E-03 -71.574E-03
+59.400E-03 -679.506E-03 -70.730E-03
+59.500E-03 -592.572E-03 -69.770E-03
+59.600E-03 -452.873E-03 -68.805E-03
+59.700E-03 -389.557E-03 -67.589E-03
+59.800E-03 -242.823E-03 -66.418E-03
+59.900E-03 -142.320E-03 -64.886E-03
+60.000E-03 +393E-06 -63.187E-03
+60.100E-03 +155.670E-03 -61.257E-03
+60.200E-03 +239.589E-03 -58.991E-03
+60.300E-03 +383.810E-03 -56.579E-03
+60.400E-03 +495.871E-03 -54.122E-03
+60.500E-03 +603.408E-03 -51.504E-03
+60.600E-03 +692.856E-03 -48.835E-03
+60.700E-03 +790.343E-03 -46.066E-03
+60.800E-03 +835.067E-03 -43.172E-03
+60.900E-03 +931.549E-03 -40.152E-03
+61.000E-03 +992.855E-03 -37.081E-03
+61.100E-03 +1.033559E+00 -33.674E-03
+61.200E-03 +1.107931E+00 -29.941E-03
+61.300E-03 +1.180292E+00 -25.840E-03
+61.400E-03 +1.203408E+00 -21.403E-03
+61.500E-03 +1.239086E+00 -16.453E-03
+61.600E-03 +1.305418E+00 -11.197E-03
+61.700E-03 +1.373257E+00 -5.730E-03
+61.800E-03 +1.407428E+00 +74E-06
+61.900E-03 +1.432051E+00 +6.220E-03
+62.000E-03 +1.528031E+00 +12.617E-03
+62.100E-03 +1.591348E+00 +19.346E-03
+62.200E-03 +1.645619E+00 +25.974E-03
+62.300E-03 +1.758685E+00 +32.728E-03
+62.400E-03 +1.826021E+00 +39.356E-03
+62.500E-03 +1.985318E+00 +45.858E-03
+62.600E-03 +2.126022E+00 +52.150E-03
+62.700E-03 +2.258183E+00 +57.939E-03
+62.800E-03 +2.425519E+00 +63.220E-03
+62.900E-03 +2.631550E+00 +67.702E-03
+63.000E-03 +2.827027E+00 +71.537E-03
+63.100E-03 +3.043611E+00 +74.652E-03
+63.200E-03 +3.249640E+00 +77.079E-03
+63.300E-03 +3.423006E+00 +79.044E-03
+63.400E-03 +3.607428E+00 +80.491E-03
+63.500E-03 +3.779288E+00 +81.637E-03
+63.600E-03 +3.850645E+00 +82.476E-03
+63.700E-03 +3.972253E+00 +83.170E-03
+63.800E-03 +4.007930E+00 +83.537E-03
+63.900E-03 +4.030041E+00 +84.019E-03
+64.000E-03 +4.083307E+00 +84.250E-03
+64.100E-03 +4.139086E+00 +84.552E-03
+64.200E-03 +4.165720E+00 +84.803E-03
+64.300E-03 +4.185318E+00 +84.929E-03
+64.400E-03 +4.196373E+00 +85.054E-03
+64.500E-03 +4.196373E+00 +85.054E-03
+64.600E-03 +4.183810E+00 +85.054E-03
+64.700E-03 +4.171247E+00 +85.114E-03
+64.800E-03 +4.142101E+00 +85.054E-03
+64.900E-03 +4.106422E+00 +85.054E-03
+65.000E-03 +4.070744E+00 +85.054E-03
+65.100E-03 +4.045619E+00 +84.949E-03
+65.200E-03 +4.020493E+00 +84.929E-03
+65.300E-03 +4.020493E+00 +84.803E-03
+65.400E-03 +4.007930E+00 +84.758E-03
+65.500E-03 +4.007930E+00 +84.677E-03
+65.600E-03 +3.995367E+00 +84.677E-03
+65.700E-03 +3.982805E+00 +84.552E-03
+65.800E-03 +3.948634E+00 +84.552E-03
+65.900E-03 +3.919991E+00 +84.426E-03
+66.000E-03 +3.877277E+00 +84.426E-03
+66.100E-03 +3.844614E+00 +84.300E-03
+66.200E-03 +3.819488E+00 +84.175E-03
+66.300E-03 +3.807930E+00 +84.175E-03
+66.400E-03 +3.797377E+00 +84.049E-03
+66.500E-03 +3.761699E+00 +83.924E-03
+66.600E-03 +3.707930E+00 +83.924E-03
+66.700E-03 +3.652654E+00 +83.798E-03
+66.800E-03 +3.604412E+00 +83.547E-03
+66.900E-03 +3.507427E+00 +83.300E-03
+67.000E-03 +3.419990E+00 +83.069E-03
+67.100E-03 +3.309939E+00 +82.712E-03
+67.200E-03 +3.191849E+00 +82.230E-03
+67.300E-03 +3.019990E+00 +81.748E-03
+67.400E-03 +2.846120E+00 +81.140E-03
+67.500E-03 +2.713959E+00 +80.657E-03
+67.600E-03 +2.579789E+00 +80.175E-03
+67.700E-03 +2.416473E+00 +79.567E-03
+67.800E-03 +2.310944E+00 +79.084E-03
+67.900E-03 +2.206925E+00 +78.728E-03
+68.000E-03 +2.115970E+00 +78.245E-03
+68.100E-03 +2.009437E+00 +77.888E-03
+68.200E-03 +1.890844E+00 +77.406E-03
+68.300E-03 +1.791347E+00 +76.924E-03
+68.400E-03 +1.655668E+00 +76.371E-03
+68.500E-03 +1.555668E+00 +75.783E-03
+68.600E-03 +1.404412E+00 +74.974E-03
+68.700E-03 +1.229538E+00 +74.240E-03
+68.800E-03 +1.110944E+00 +73.506E-03
+68.900E-03 +973.759E-03 +72.552E-03
+69.000E-03 +809.437E-03 +71.587E-03
+69.100E-03 +674.763E-03 +70.748E-03
+69.200E-03 +571.246E-03 +69.783E-03
+69.300E-03 +424.513E-03 +68.944E-03
+69.400E-03 +365.216E-03 +68.104E-03
+69.500E-03 +218.985E-03 +67.140E-03
+69.600E-03 +168.231E-03 +66.220E-03
+69.700E-03 +26.020E-03 +65.084E-03
+69.800E-03 -65.940E-03 +63.828E-03
+69.900E-03 -204.633E-03 +62.255E-03
+70.000E-03 -363.930E-03 +60.557E-03
+70.100E-03 -445.840E-03 +58.627E-03
+70.200E-03 -594.583E-03 +56.361E-03
+70.300E-03 -735.287E-03 +54.074E-03
+70.400E-03 -825.236E-03 +51.537E-03
+70.500E-03 -961.920E-03 +49.099E-03
+70.600E-03 -1.017698E+00 +46.336E-03
+70.700E-03 -1.114683E+00 +43.687E-03
+70.800E-03 -1.202120E+00 +40.793E-03
+70.900E-03 -1.244834E+00 +37.773E-03
+71.000E-03 -1.341317E+00 +34.577E-03
+71.100E-03 -1.397095E+00 +31.074E-03
+71.200E-03 -1.420211E+00 +27.436E-03
+71.300E-03 -1.468452E+00 +23.220E-03
+71.400E-03 -1.541819E+00 +18.743E-03
+71.500E-03 -1.595085E+00 +13.823E-03
+71.600E-03 -1.620210E+00 +8.567E-03
+71.700E-03 -1.648854E+00 +2.974E-03
+71.800E-03 -1.723729E+00 -2.830E-03
+71.900E-03 -1.795588E+00 -8.976E-03
+72.000E-03 -1.831266E+00 -15.474E-03
+72.100E-03 -1.920714E+00 -22.147E-03
+72.200E-03 -2.003125E+00 -28.730E-03
+72.300E-03 -2.059407E+00 -35.443E-03
+72.400E-03 -2.200110E+00 -41.986E-03
+72.500E-03 -2.273478E+00 -48.489E-03
+72.600E-03 -2.422221E+00 -54.760E-03
+72.700E-03 -2.596594E+00 -60.569E-03
+72.800E-03 -2.789559E+00 -65.725E-03
+72.900E-03 -2.974483E+00 -70.252E-03
+73.000E-03 -3.185538E+00 -74.167E-03
+73.100E-03 -3.393076E+00 -77.283E-03
+73.200E-03 -3.610162E+00 -79.695E-03
+73.300E-03 -3.788554E+00 -81.549E-03
+73.400E-03 -3.954383E+00 -83.122E-03
+73.500E-03 -4.059910E+00 -84.267E-03
+73.600E-03 -4.211166E+00 -85.107E-03
+73.700E-03 -4.247849E+00 -85.695E-03
+73.800E-03 -4.331769E+00 -86.167E-03
+73.900E-03 -4.406140E+00 -86.524E-03
+74.000E-03 -4.421718E+00 -87.006E-03
+74.100E-03 -4.446844E+00 -87.182E-03
+74.200E-03 -4.471969E+00 -87.433E-03
+74.300E-03 -4.497095E+00 -87.559E-03
+74.400E-03 -4.509658E+00 -87.685E-03
+74.500E-03 -4.497095E+00 -87.810E-03
+74.600E-03 -4.497095E+00 -87.810E-03
+74.700E-03 -4.484532E+00 -87.810E-03
+74.800E-03 -4.467949E+00 -87.810E-03
+74.900E-03 -4.446844E+00 -87.810E-03
+75.000E-03 -4.434281E+00 -87.685E-03
+75.100E-03 -4.421718E+00 -87.685E-03
+75.200E-03 -4.421718E+00 -87.559E-03
+75.300E-03 -4.396592E+00 -87.499E-03
+75.400E-03 -4.371467E+00 -87.433E-03
+75.500E-03 -4.343828E+00 -87.433E-03
+75.600E-03 -4.308150E+00 -87.428E-03
+75.700E-03 -4.272471E+00 -87.308E-03
+75.800E-03 -4.245839E+00 -87.272E-03
+75.900E-03 -4.233276E+00 -87.182E-03
+76.000E-03 -4.220713E+00 -87.182E-03
+76.100E-03 -4.217698E+00 -87.056E-03
+76.200E-03 -4.195587E+00 -86.931E-03
+76.300E-03 -4.158904E+00 -86.931E-03
+76.400E-03 -4.110662E+00 -86.805E-03
+76.500E-03 -4.062421E+00 -86.730E-03
+76.600E-03 -4.032271E+00 -86.554E-03
+76.700E-03 -4.016190E+00 -86.519E-03
+76.800E-03 -3.953878E+00 -86.303E-03
+76.900E-03 -3.844833E+00 -86.056E-03
+77.000E-03 -3.786039E+00 -85.700E-03
+77.100E-03 -3.639305E+00 -85.423E-03
+77.200E-03 -3.512169E+00 -84.986E-03
+77.300E-03 -3.358902E+00 -84.504E-03
+77.400E-03 -3.209657E+00 -83.896E-03
+77.500E-03 -3.027245E+00 -83.413E-03
+77.600E-03 -2.873978E+00 -82.805E-03
+77.700E-03 -2.784029E+00 -82.408E-03
+77.800E-03 -2.624732E+00 -81.840E-03
+77.900E-03 -2.519204E+00 -81.358E-03
+78.000E-03 -2.421718E+00 -81.001E-03
+78.100E-03 -2.347345E+00 -80.644E-03
+78.200E-03 -2.226240E+00 -80.177E-03
+78.300E-03 -2.136792E+00 -79.715E-03
+78.400E-03 -2.015185E+00 -79.197E-03
+78.500E-03 -1.868953E+00 -78.539E-03
+78.600E-03 -1.730761E+00 -77.825E-03
+78.700E-03 -1.604632E+00 -76.996E-03
+78.800E-03 -1.433778E+00 -76.147E-03
+78.900E-03 -1.296088E+00 -75.308E-03
+79.000E-03 -1.177999E+00 -74.343E-03
+79.100E-03 -1.024230E+00 -73.433E-03
+79.200E-03 -915.184E-03 -72.448E-03
+79.300E-03 -800.612E-03 -71.574E-03
+79.400E-03 -679.506E-03 -70.609E-03
+79.500E-03 -592.572E-03 -69.770E-03
+79.600E-03 -452.873E-03 -68.805E-03
+79.700E-03 -395.587E-03 -67.715E-03
+79.800E-03 -242.823E-03 -66.458E-03
+79.900E-03 -142.320E-03 -64.886E-03
+80.000E-03 +393E-06 -63.187E-03
+80.100E-03 +157.680E-03 -61.132E-03
+80.200E-03 +252.152E-03 -58.951E-03
+80.300E-03 +396.373E-03 -56.579E-03
+80.400E-03 +500.394E-03 -54.041E-03
+80.500E-03 +605.921E-03 -51.478E-03
+80.600E-03 +704.916E-03 -48.835E-03
+80.700E-03 +790.343E-03 -46.066E-03
+80.800E-03 +835.067E-03 -43.172E-03
+80.900E-03 +938.585E-03 -40.152E-03
+81.000E-03 +997.880E-03 -37.031E-03
+81.100E-03 +1.036574E+00 -33.674E-03
+81.200E-03 +1.132051E+00 -29.815E-03
+81.300E-03 +1.181297E+00 -25.830E-03
+81.400E-03 +1.206423E+00 -21.373E-03
+81.500E-03 +1.239086E+00 -16.378E-03
+81.600E-03 +1.317981E+00 -11.142E-03
+81.700E-03 +1.382302E+00 -5.639E-03
+81.800E-03 +1.407428E+00 +74E-06
+81.900E-03 +1.444112E+00 +6.220E-03
+82.000E-03 +1.528031E+00 +12.718E-03
+82.100E-03 +1.595870E+00 +19.346E-03
+82.200E-03 +1.645619E+00 +25.974E-03
+82.300E-03 +1.767227E+00 +32.602E-03
+82.400E-03 +1.826021E+00 +39.336E-03
+82.500E-03 +1.972755E+00 +45.858E-03
+82.600E-03 +2.126023E+00 +52.004E-03
+82.700E-03 +2.258183E+00 +57.813E-03
+82.800E-03 +2.425519E+00 +63.094E-03
+82.900E-03 +2.627027E+00 +67.622E-03
+83.000E-03 +2.837077E+00 +71.537E-03
+83.100E-03 +3.043611E+00 +74.532E-03
+83.200E-03 +3.249640E+00 +77.064E-03
+83.300E-03 +3.435569E+00 +79.009E-03
+83.400E-03 +3.607428E+00 +80.421E-03
+83.500E-03 +3.779288E+00 +81.511E-03
+83.600E-03 +3.856675E+00 +82.446E-03
+83.700E-03 +3.972253E+00 +83.054E-03
+83.800E-03 +4.007930E+00 +83.537E-03
+83.900E-03 +4.033056E+00 +83.989E-03
+84.000E-03 +4.098383E+00 +84.300E-03
+84.100E-03 +4.151649E+00 +84.552E-03
+84.200E-03 +4.183810E+00 +84.712E-03
+84.300E-03 +4.196373E+00 +84.929E-03
+84.400E-03 +4.196373E+00 +85.049E-03
+84.500E-03 +4.196373E+00 +85.054E-03
+84.600E-03 +4.188332E+00 +85.054E-03
+84.700E-03 +4.177779E+00 +85.054E-03
+84.800E-03 +4.154664E+00 +85.054E-03
+84.900E-03 +4.131548E+00 +85.054E-03
+85.000E-03 +4.095869E+00 +85.054E-03
+85.100E-03 +4.058182E+00 +84.929E-03
+85.200E-03 +4.033056E+00 +84.929E-03
+85.300E-03 +4.020493E+00 +84.803E-03
+85.400E-03 +4.015970E+00 +84.803E-03
+85.500E-03 +4.007930E+00 +84.677E-03
+85.600E-03 +3.995367E+00 +84.557E-03
+85.700E-03 +3.982805E+00 +84.567E-03
+85.800E-03 +3.961196E+00 +84.552E-03
+85.900E-03 +3.925518E+00 +84.426E-03
+86.000E-03 +3.882302E+00 +84.426E-03
+86.100E-03 +3.844614E+00 +84.331E-03
+86.200E-03 +3.819488E+00 +84.290E-03
+86.300E-03 +3.819488E+00 +84.175E-03
+86.400E-03 +3.794362E+00 +84.079E-03
+86.500E-03 +3.769237E+00 +83.924E-03
+86.600E-03 +3.713458E+00 +83.868E-03
+86.700E-03 +3.652654E+00 +83.672E-03
+86.800E-03 +3.604412E+00 +83.547E-03
+86.900E-03 +3.519487E+00 +83.295E-03
+87.000E-03 +3.419990E+00 +82.944E-03
+87.100E-03 +3.322502E+00 +82.587E-03
+87.200E-03 +3.197880E+00 +82.230E-03
+87.300E-03 +3.019990E+00 +81.622E-03
+87.400E-03 +2.846120E+00 +81.140E-03
+87.500E-03 +2.726521E+00 +80.532E-03
+87.600E-03 +2.579789E+00 +80.049E-03
+87.700E-03 +2.416473E+00 +79.567E-03
+87.800E-03 +2.317477E+00 +79.084E-03
+87.900E-03 +2.206925E+00 +78.602E-03
+88.000E-03 +2.113456E+00 +78.245E-03
+88.100E-03 +1.997377E+00 +77.768E-03
+88.200E-03 +1.890843E+00 +77.406E-03
+88.300E-03 +1.800392E+00 +76.924E-03
+88.400E-03 +1.655668E+00 +76.315E-03
+88.500E-03 +1.550642E+00 +75.707E-03
+88.600E-03 +1.401397E+00 +74.974E-03
+88.700E-03 +1.229538E+00 +74.356E-03
+88.800E-03 +1.110944E+00 +73.391E-03
+88.900E-03 +973.759E-03 +72.552E-03
+89.000E-03 +801.899E-03 +71.662E-03
+89.100E-03 +669.235E-03 +70.692E-03
+89.200E-03 +567.728E-03 +69.783E-03
+89.300E-03 +424.512E-03 +68.818E-03
+89.400E-03 +365.216E-03 +67.979E-03
+89.500E-03 +221.497E-03 +67.140E-03
+89.600E-03 +168.231E-03 +66.175E-03
+89.700E-03 +26.020E-03 +65.084E-03
+89.800E-03 -61.920E-03 +63.702E-03
+89.900E-03 -204.633E-03 +62.255E-03
+90.000E-03 -351.367E-03 +60.557E-03
+90.100E-03 -435.287E-03 +58.521E-03
+90.200E-03 -594.583E-03 +56.361E-03
+90.300E-03 -729.257E-03 +54.074E-03
+90.400E-03 -820.713E-03 +51.662E-03
+90.500E-03 -959.407E-03 +48.999E-03
+90.600E-03 -1.017698E+00 +46.336E-03
+90.700E-03 -1.113176E+00 +43.672E-03
+90.800E-03 -1.202120E+00 +40.793E-03
+90.900E-03 -1.244834E+00 +37.773E-03
+91.000E-03 -1.328754E+00 +34.451E-03
+91.100E-03 -1.397095E+00 +31.044E-03
+91.200E-03 -1.420211E+00 +27.426E-03
+91.300E-03 -1.468452E+00 +23.210E-03
+91.400E-03 -1.541819E+00 +18.743E-03
+91.500E-03 -1.590060E+00 +13.748E-03
+91.600E-03 -1.620210E+00 +8.511E-03
+91.700E-03 -1.648854E+00 +2.974E-03
+91.800E-03 -1.722221E+00 -2.830E-03
+91.900E-03 -1.795588E+00 -8.976E-03
+92.000E-03 -1.831266E+00 -15.474E-03
+92.100E-03 -1.920714E+00 -22.227E-03
+92.200E-03 -2.003125E+00 -28.855E-03
+92.300E-03 -2.067950E+00 -35.569E-03
+92.400E-03 -2.200110E+00 -42.112E-03
+92.500E-03 -2.286041E+00 -48.740E-03
+92.600E-03 -2.422221E+00 -55.011E-03
+92.700E-03 -2.600614E+00 -60.735E-03
+92.800E-03 -2.789559E+00 -65.850E-03
+92.900E-03 -2.969961E+00 -70.378E-03
+93.000E-03 -3.175488E+00 -74.267E-03
+93.100E-03 -3.393076E+00 -77.288E-03
+93.200E-03 -3.599106E+00 -79.710E-03
+93.300E-03 -3.792071E+00 -81.674E-03
+93.400E-03 -3.954383E+00 -83.247E-03
+93.500E-03 -4.064936E+00 -84.318E-03
+93.600E-03 -4.211166E+00 -85.202E-03
+93.700E-03 -4.247849E+00 -85.810E-03
+93.800E-03 -4.331769E+00 -86.177E-03
+93.900E-03 -4.406140E+00 -86.649E-03
+94.000E-03 -4.429256E+00 -87.006E-03
+94.100E-03 -4.446844E+00 -87.237E-03
+94.200E-03 -4.471969E+00 -87.433E-03
+94.300E-03 -4.497095E+00 -87.574E-03
+94.400E-03 -4.509156E+00 -87.685E-03
+94.500E-03 -4.497095E+00 -87.810E-03
+94.600E-03 -4.497095E+00 -87.891E-03
+94.700E-03 -4.484532E+00 -87.870E-03
+94.800E-03 -4.467949E+00 -87.810E-03
+94.900E-03 -4.446844E+00 -87.705E-03
+95.000E-03 -4.434281E+00 -87.685E-03
+95.100E-03 -4.423728E+00 -87.685E-03
+95.200E-03 -4.413175E+00 -87.644E-03
+95.300E-03 -4.396592E+00 -87.559E-03
+95.400E-03 -4.366944E+00 -87.433E-03
+95.500E-03 -4.331265E+00 -87.433E-03
+95.600E-03 -4.295587E+00 -87.308E-03
+95.700E-03 -4.270964E+00 -87.308E-03
+95.800E-03 -4.245839E+00 -87.308E-03
+95.900E-03 -4.233276E+00 -87.182E-03
+96.000E-03 -4.220713E+00 -87.182E-03
+96.100E-03 -4.217698E+00 -87.056E-03
+96.200E-03 -4.194582E+00 -86.931E-03
+96.300E-03 -4.157899E+00 -86.931E-03
+96.400E-03 -4.110662E+00 -86.805E-03
+96.500E-03 -4.062421E+00 -86.805E-03
+96.600E-03 -4.032271E+00 -86.624E-03
+96.700E-03 -4.016190E+00 -86.428E-03
+96.800E-03 -3.941315E+00 -86.288E-03
+96.900E-03 -3.844331E+00 -86.051E-03
+97.000E-03 -3.775988E+00 -85.800E-03
+97.100E-03 -3.634783E+00 -85.343E-03
+97.200E-03 -3.493073E+00 -84.860E-03
+97.300E-03 -3.358902E+00 -84.378E-03
+97.400E-03 -3.209657E+00 -83.896E-03
+97.500E-03 -3.027245E+00 -83.288E-03
+97.600E-03 -2.884531E+00 -82.805E-03
+97.700E-03 -2.775486E+00 -82.197E-03
+97.800E-03 -2.624732E+00 -81.715E-03
+97.900E-03 -2.506641E+00 -81.358E-03
+98.000E-03 -2.421718E+00 -80.875E-03
+98.100E-03 -2.334782E+00 -80.524E-03
+98.200E-03 -2.224733E+00 -80.036E-03
+98.300E-03 -2.111666E+00 -79.589E-03
+98.400E-03 -2.008149E+00 -79.071E-03
+98.500E-03 -1.851365E+00 -78.463E-03
+98.600E-03 -1.718198E+00 -77.825E-03
+98.700E-03 -1.593074E+00 -76.996E-03
+98.800E-03 -1.433778E+00 -76.147E-03
+98.900E-03 -1.296088E+00 -75.308E-03
+99.000E-03 -1.170461E+00 -74.343E-03
+99.100E-03 -1.024230E+00 -73.378E-03
+99.200E-03 -902.621E-03 -72.413E-03
+99.300E-03 -802.120E-03 -71.559E-03
+99.400E-03 -692.069E-03 -70.609E-03
+99.500E-03 -592.572E-03 -69.770E-03
+99.600E-03 -452.873E-03 -68.805E-03
+99.700E-03 -395.587E-03 -67.715E-03
+99.800E-03 -242.823E-03 -66.458E-03
+99.900E-03 -142.319E-03 -64.991E-03
