0.0000000E+0	9.2865532E-1	1.4894125E+3	1.1133969E+3
1.1817975E+0	9.3214219E-1	1.4894300E+3	1.1125038E+3
1.7567272E+0	9.2597311E-1	1.4894551E+3	1.1120664E+3
2.3315353E+0	9.3303626E-1	1.4894757E+3	1.1117334E+3
2.9068141E+0	9.2706090E-1	1.4894851E+3	1.1115125E+3
3.4832859E+0	9.3136733E-1	1.4894907E+3	1.1113222E+3
4.0581346E+0	9.2996662E-1	1.4894945E+3	1.1112083E+3
4.6341624E+0	9.2771655E-1	1.4895001E+3	1.1110537E+3
5.2067680E+0	9.3272334E-1	1.4894882E+3	1.1109599E+3
5.7832165E+0	9.2582410E-1	1.4894626E+3	1.1107152E+3
6.3577790E+0	9.3279785E-1	1.4894407E+3	1.1106983E+3
6.9426537E+0	9.2837220E-1	1.4894350E+3	1.1105099E+3
7.5157428E+0	9.2917686E-1	1.4894169E+3	1.1104442E+3
8.0901895E+0	9.3165046E-1	1.4893969E+3	1.1103140E+3
8.6667542E+0	9.2624133E-1	1.4893762E+3	1.1102289E+3
9.2409062E+0	9.3282765E-1	1.4893568E+3	1.1102076E+3
9.8150830E+0	9.2574960E-1	1.4893612E+3	1.1100480E+3
1.0388859E+1	9.3086069E-1	1.4893725E+3	1.1098609E+3
1.0965236E+1	9.2826789E-1	1.4893869E+3	1.1097820E+3
1.1539876E+1	9.2685228E-1	1.4894031E+3	1.1096994E+3
1.2114275E+1	9.3115872E-1	1.4893919E+3	1.1096218E+3
1.2690248E+1	9.2501944E-1	1.4893712E+3	1.1095454E+3
1.3266823E+1	9.3169516E-1	1.4893631E+3	1.1094816E+3
1.3841207E+1	9.2509394E-1	1.4893637E+3	1.1094735E+3
1.4415309E+1	9.2908746E-1	1.4893706E+3	1.1093251E+3
1.4990211E+1	9.2895335E-1	1.4893837E+3	1.1092525E+3
1.5565477E+1	9.2591351E-1	1.4893969E+3	1.1091975E+3
1.6138797E+1	9.3145674E-1	1.4894100E+3	1.1090961E+3
1.6715550E+1	9.2464691E-1	1.4894188E+3	1.1091305E+3
1.7287623E+1	9.3144184E-1	1.4894382E+3	1.1089371E+3
1.7860844E+1	9.2589861E-1	1.4894501E+3	1.1089284E+3
1.8434850E+1	9.2899805E-1	1.4894613E+3	1.1088952E+3
1.9006664E+1	9.2852121E-1	1.4894757E+3	1.1089133E+3
1.9579744E+1	9.2607742E-1	1.4894795E+3	1.1087368E+3
2.0153157E+1	9.3099480E-1	1.4894782E+3	1.1087625E+3
2.0726767E+1	9.2440849E-1	1.4894882E+3	1.1086092E+3
2.1301247E+1	9.3169516E-1	1.4894995E+3	1.1086749E+3
2.1875772E+1	9.2574960E-1	1.4895114E+3	1.1086367E+3
2.2448706E+1	9.2913216E-1	1.4895139E+3	1.1085754E+3
2.3023770E+1	9.2919176E-1	1.4895076E+3	1.1084433E+3
2.3599616E+1	9.2566019E-1	1.4894826E+3	1.1084765E+3
2.4175247E+1	9.3199318E-1	1.4894476E+3	1.1084145E+3
2.4749773E+1	9.2504924E-1	1.4894250E+3	1.1083213E+3
2.5324374E+1	9.3105441E-1	1.4894031E+3	1.1083789E+3
2.5900887E+1	9.2671817E-1	1.4893956E+3	1.1082668E+3
2.6475515E+1	9.2802947E-1	1.4894125E+3	1.1082625E+3
2.7048813E+1	9.3035405E-1	1.4894163E+3	1.1082218E+3
2.7625025E+1	9.2516845E-1	1.4894019E+3	1.1081892E+3
2.8198868E+1	9.3178457E-1	1.4893606E+3	1.1081517E+3
2.8784496E+1	9.2552608E-1	1.4893155E+3	1.1081592E+3
2.9357714E+1	9.2992192E-1	1.4892924E+3	1.1081755E+3
2.9932984E+1	9.2835730E-1	1.4892830E+3	1.1081285E+3
3.0508708E+1	9.2576450E-1	1.4892567E+3	1.1080547E+3
3.1084385E+1	9.3120342E-1	1.4892273E+3	1.1079764E+3
3.1659587E+1	9.2454260E-1	1.4892110E+3	1.1080490E+3
3.2234932E+1	9.3096500E-1	1.4892129E+3	1.1079671E+3
3.2810249E+1	9.2546647E-1	1.4892229E+3	1.1080221E+3
3.3385398E+1	9.2762714E-1	1.4892429E+3	1.1079320E+3
3.3958806E+1	9.2859572E-1	1.4892479E+3	1.1078945E+3
3.4534704E+1	9.2439359E-1	1.4892536E+3	1.1078851E+3
3.5108872E+1	9.3068188E-1	1.4892460E+3	1.1078312E+3
3.5683912E+1	9.2341011E-1	1.4892273E+3	1.1078532E+3
3.6256670E+1	9.2989212E-1	1.4891985E+3	1.1078262E+3
3.6830865E+1	9.2576450E-1	1.4891597E+3	1.1077342E+3
3.7405586E+1	9.2726951E-1	1.4891303E+3	1.1078500E+3
3.7980938E+1	9.2920667E-1	1.4891284E+3	1.1077449E+3
3.8555468E+1	9.2411047E-1	1.4891453E+3	1.1078150E+3
3.9128809E+1	9.3138223E-1	1.4891753E+3	1.1077906E+3
3.9704484E+1	9.2405086E-1	1.4891997E+3	1.1076485E+3
4.0278301E+1	9.2975801E-1	1.4892116E+3	1.1076341E+3
4.0852798E+1	9.2680758E-1	1.4892229E+3	1.1077874E+3
4.1427653E+1	9.2650955E-1	1.4892223E+3	1.1075709E+3
4.2002264E+1	9.2925137E-1	1.4892223E+3	1.1076654E+3
4.2576836E+1	9.2384225E-1	1.4892147E+3	1.1075978E+3
4.3153998E+1	9.3078619E-1	1.4892066E+3	1.1075603E+3
4.3727669E+1	9.2475122E-1	1.4891772E+3	1.1075177E+3
4.4304135E+1	9.2870003E-1	1.4891309E+3	1.1075183E+3
4.4878273E+1	9.2703110E-1	1.4890933E+3	1.1074708E+3
4.5451863E+1	9.2493003E-1	1.4890664E+3	1.1073875E+3
4.6026743E+1	9.3008583E-1	1.4890570E+3	1.1074482E+3
4.6601216E+1	9.2317169E-1	1.4890508E+3	1.1074207E+3
4.7176783E+1	9.2975801E-1	1.4890514E+3	1.1074801E+3
4.7750880E+1	9.2396146E-1	1.4890520E+3	1.1073606E+3
4.8326265E+1	9.2685228E-1	1.4890426E+3	1.1073788E+3
4.8898748E+1	9.2676287E-1	1.4890220E+3	1.1073906E+3
4.9475309E+1	9.2329090E-1	1.4889970E+3	1.1074332E+3
5.0047660E+1	9.2853611E-1	1.4889675E+3	1.1073769E+3
5.0621527E+1	9.2165178E-1	1.4889269E+3	1.1073775E+3
5.1196672E+1	9.2807418E-1	1.4888843E+3	1.1073612E+3
5.1770247E+1	9.2320150E-1	1.4888561E+3	1.1073118E+3
5.2345056E+1	9.2507904E-1	1.4888280E+3	1.1072636E+3
5.2918724E+1	9.2601782E-1	1.4888048E+3	1.1072699E+3
5.3494811E+1	9.2178589E-1	1.4887973E+3	1.1072755E+3
5.4070229E+1	9.2801457E-1	1.4887979E+3	1.1072761E+3
5.4646769E+1	9.2144316E-1	1.4888061E+3	1.1073375E+3
5.5220714E+1	9.2720991E-1	1.4888004E+3	1.1072348E+3
5.5796015E+1	9.2338031E-1	1.4887867E+3	1.1072492E+3
5.6371346E+1	9.2419987E-1	1.4887760E+3	1.1072317E+3
5.6946632E+1	9.2709070E-1	1.4887466E+3	1.1071628E+3
5.7521340E+1	9.2138356E-1	1.4887141E+3	1.1071697E+3
5.8096834E+1	9.2761224E-1	1.4886778E+3	1.1071603E+3
5.8670911E+1	9.2060869E-1	1.4886552E+3	1.1071516E+3
5.9246434E+1	9.2546647E-1	1.4886365E+3	1.1071741E+3
5.9820228E+1	9.2269486E-1	1.4886258E+3	1.1070796E+3
6.0394953E+1	9.2144316E-1	1.4886196E+3	1.1070946E+3
6.0970908E+1	9.2582410E-1	1.4886133E+3	1.1071847E+3
6.1544220E+1	9.1984874E-1	1.4885933E+3	1.1071247E+3
6.2118807E+1	9.2661386E-1	1.4885751E+3	1.1070640E+3
6.2694999E+1	9.2144316E-1	1.4885689E+3	1.1071497E+3
6.3268807E+1	9.2597311E-1	1.4885764E+3	1.1070915E+3
6.3843727E+1	9.2487043E-1	1.4885795E+3	1.1070583E+3
6.4417277E+1	9.2248624E-1	1.4885864E+3	1.1070195E+3
6.4991611E+1	9.2771655E-1	1.4885820E+3	1.1071660E+3
6.5566831E+1	9.2117494E-1	1.4885682E+3	1.1070427E+3
6.6141728E+1	9.2941528E-1	1.4885326E+3	1.1068981E+3
6.6716757E+1	9.2396146E-1	1.4884725E+3	1.1070264E+3
6.7292082E+1	9.2700129E-1	1.4884168E+3	1.1069425E+3
6.7866900E+1	9.2762714E-1	1.4883749E+3	1.1070702E+3
6.8441278E+1	9.2366343E-1	1.4883517E+3	1.1069138E+3
6.9016344E+1	9.3072658E-1	1.4883429E+3	1.1068430E+3
6.9589188E+1	9.2357403E-1	1.4883098E+3	1.1070395E+3
7.0165071E+1	9.2968350E-1	1.4882591E+3	1.1069131E+3
7.0738754E+1	9.2552608E-1	1.4882171E+3	1.1069194E+3
7.1314089E+1	9.2710560E-1	1.4881946E+3	1.1069513E+3
7.1888860E+1	9.2962390E-1	1.4881752E+3	1.1069344E+3
7.2464231E+1	9.2454260E-1	1.4881671E+3	1.1069882E+3
7.3038848E+1	9.3127793E-1	1.4881477E+3	1.1069006E+3
7.3616664E+1	9.2406576E-1	1.4881133E+3	1.1069563E+3
7.4192182E+1	9.2886394E-1	1.4880820E+3	1.1069939E+3
7.4765448E+1	9.2659896E-1	1.4880594E+3	1.1069062E+3
7.5338890E+1	9.2527276E-1	1.4880325E+3	1.1069144E+3
7.5915738E+1	9.2956429E-1	1.4880144E+3	1.1069682E+3
7.6489809E+1	9.2296308E-1	1.4879881E+3	1.1068606E+3
7.7065260E+1	9.3005603E-1	1.4879674E+3	1.1069206E+3
7.7637980E+1	9.2342501E-1	1.4879587E+3	1.1067823E+3
7.8212228E+1	9.2804437E-1	1.4879662E+3	1.1068136E+3
7.8787661E+1	9.2425948E-1	1.4879887E+3	1.1068042E+3
7.9363026E+1	9.2396146E-1	1.4880144E+3	1.1069438E+3
7.9937731E+1	9.2796987E-1	1.4880231E+3	1.1067667E+3
8.0511950E+1	9.2001265E-1	1.4880175E+3	1.1068305E+3
8.1087489E+1	9.2867022E-1	1.4880056E+3	1.1068111E+3
8.1662036E+1	9.1937190E-1	1.4879687E+3	1.1067811E+3
8.2234877E+1	9.2592841E-1	1.4879374E+3	1.1068293E+3
8.2808690E+1	9.2291837E-1	1.4879055E+3	1.1068180E+3
8.3383584E+1	9.2081731E-1	1.4878761E+3	1.1068092E+3
8.3958777E+1	9.2671817E-1	1.4878554E+3	1.1068042E+3
8.4535790E+1	9.1789668E-1	1.4878348E+3	1.1068856E+3
8.5110238E+1	9.2633074E-1	1.4877841E+3	1.1067861E+3
8.5685715E+1	9.1904407E-1	1.4877396E+3	1.1067354E+3
8.6259699E+1	9.2269486E-1	1.4877315E+3	1.1067592E+3
8.6834835E+1	9.2217332E-1	1.4877334E+3	1.1068512E+3
8.7408663E+1	9.1786688E-1	1.4877377E+3	1.1067523E+3
8.7983092E+1	9.2588371E-1	1.4877259E+3	1.1066033E+3
8.8557853E+1	9.1566151E-1	1.4876783E+3	1.1068249E+3
8.9133537E+1	9.2530256E-1	1.4876057E+3	1.1067523E+3
8.9707489E+1	9.1914838E-1	1.4875656E+3	1.1067955E+3
9.0281178E+1	9.2180079E-1	1.4875356E+3	1.1067898E+3
9.0858805E+1	9.2419987E-1	1.4875262E+3	1.1067210E+3
9.1432976E+1	9.1776257E-1	1.4875156E+3	1.1067066E+3
9.2008756E+1	9.2738872E-1	1.4874955E+3	1.1067848E+3
9.2584868E+1	9.1762846E-1	1.4874811E+3	1.1066434E+3
9.3158429E+1	9.2509394E-1	1.4874630E+3	1.1066734E+3
9.3731975E+1	9.2059379E-1	1.4874436E+3	1.1068906E+3
9.4306796E+1	9.2139846E-1	1.4874104E+3	1.1068699E+3
9.4883195E+1	9.2574960E-1	1.4873622E+3	1.1066565E+3
9.5457787E+1	9.1855233E-1	1.4873191E+3	1.1065689E+3
9.6033119E+1	9.2853611E-1	1.4872884E+3	1.1065758E+3
9.6607587E+1	9.1959542E-1	1.4872746E+3	1.1066684E+3
9.7179358E+1	9.2583900E-1	1.4872439E+3	1.1066853E+3
9.7754250E+1	9.2235213E-1	1.4872083E+3	1.1066240E+3
9.8326447E+1	9.2221802E-1	1.4871651E+3	1.1065326E+3
9.8899648E+1	9.2735892E-1	1.4871369E+3	1.1065908E+3
9.9474331E+1	9.2029577E-1	1.4871138E+3	1.1066509E+3
1.0004765E+2	9.2986232E-1	1.4871006E+3	1.1067892E+3
1.0062471E+2	9.2035537E-1	1.4870693E+3	1.1066209E+3
1.0119886E+2	9.2688208E-1	1.4870274E+3	1.1065520E+3
1.0177255E+2	9.2363363E-1	1.4869761E+3	1.1065964E+3
1.0234682E+2	9.2247134E-1	1.4869160E+3	1.1066284E+3
1.0291992E+2	9.2709070E-1	1.4868609E+3	1.1065983E+3
1.0349499E+2	9.1858214E-1	1.4868021E+3	1.1065501E+3
1.0406877E+2	9.2756754E-1	1.4867464E+3	1.1066872E+3
1.0464535E+2	9.1889506E-1	1.4867007E+3	1.1064638E+3
1.0521876E+2	9.2504924E-1	1.4866557E+3	1.1065720E+3
1.0579358E+2	9.2288857E-1	1.4866043E+3	1.1065257E+3
1.0636880E+2	9.1975933E-1	1.4865624E+3	1.1066065E+3
1.0694434E+2	9.2667347E-1	1.4865061E+3	1.1065458E+3
1.0751882E+2	9.1795629E-1	1.4864541E+3	1.1064882E+3
1.0809404E+2	9.2694169E-1	1.4864153E+3	1.1064613E+3
1.0866776E+2	9.1966992E-1	1.4864028E+3	1.1065051E+3
1.0924133E+2	9.2433399E-1	1.4863840E+3	1.1067053E+3
1.0982059E+2	9.2427438E-1	1.4863584E+3	1.1064850E+3
1.1039419E+2	9.1959542E-1	1.4863321E+3	1.1065213E+3
1.1096861E+2	9.2807418E-1	1.4863014E+3	1.1064850E+3
1.1154417E+2	9.1861194E-1	1.4862814E+3	1.1063974E+3
1.1212019E+2	9.2677778E-1	1.4862620E+3	1.1065245E+3
1.1269569E+2	9.2159217E-1	1.4862470E+3	1.1065345E+3
1.1327023E+2	9.2293328E-1	1.4862345E+3	1.1066672E+3
1.1384632E+2	9.2637544E-1	1.4862169E+3	1.1065839E+3
1.1442020E+2	9.1958051E-1	1.4861957E+3	1.1064337E+3
1.1499481E+2	9.2896825E-1	1.4861637E+3	1.1063655E+3
1.1556874E+2	9.1968482E-1	1.4861518E+3	1.1064663E+3
1.1614336E+2	9.2767185E-1	1.4861412E+3	1.1080459E+3
1.1671682E+2	9.2296308E-1	1.4861306E+3	1.1078519E+3
1.1729014E+2	9.2300778E-1	1.4861105E+3	1.1073619E+3
1.1786545E+2	9.2747813E-1	1.4860811E+3	1.1072298E+3
1.1844107E+2	9.1974443E-1	1.4860304E+3	1.1086611E+3
1.1901521E+2	9.2910236E-1	1.4859791E+3	1.1076329E+3
1.1959079E+2	9.1998285E-1	1.4859391E+3	1.1070708E+3
1.2016697E+2	9.2658406E-1	1.4858927E+3	1.1070471E+3
1.2074324E+2	9.2440849E-1	1.4858640E+3	1.1068699E+3
1.2131681E+2	9.2256075E-1	1.4858427E+3	1.1066722E+3
1.2189029E+2	9.2796987E-1	1.4858158E+3	1.1065226E+3
1.2246606E+2	9.1980403E-1	1.4857838E+3	1.1068831E+3
1.2303885E+2	9.2905765E-1	1.4857500E+3	1.1065264E+3
1.2361419E+2	9.2139846E-1	1.4856981E+3	1.1064650E+3
1.2418881E+2	9.2686718E-1	1.4856574E+3	1.1062835E+3
1.2476383E+2	9.2607742E-1	1.4856199E+3	1.1065464E+3
1.2533677E+2	9.2299288E-1	1.4855955E+3	1.1062992E+3
1.2591171E+2	9.2960900E-1	1.4855391E+3	1.1062241E+3
1.2648544E+2	9.2083221E-1	1.4854841E+3	1.1065307E+3
1.2705881E+2	9.3008583E-1	1.4854046E+3	1.1065745E+3
1.2763518E+2	9.2287367E-1	1.4853345E+3	1.1062579E+3
1.2820742E+2	9.2752283E-1	1.4852969E+3	1.1064293E+3
1.2878302E+2	9.2780596E-1	1.4852663E+3	1.1062341E+3
1.2935884E+2	9.2358893E-1	1.4852350E+3	1.1061458E+3
1.2993306E+2	9.3148654E-1	1.4852218E+3	1.1060676E+3
1.3050683E+2	9.2192000E-1	1.4852087E+3	1.1060394E+3
1.3108027E+2	9.3148654E-1	1.4851968E+3	1.1061402E+3
1.3165601E+2	9.2364853E-1	1.4851868E+3	1.1061083E+3
1.3223025E+2	9.2707580E-1	1.4851517E+3	1.1060839E+3
1.3280665E+2	9.2795497E-1	1.4851067E+3	1.1059831E+3
1.3338010E+2	9.2242664E-1	1.4850554E+3	1.1059374E+3
1.3395382E+2	9.3038386E-1	1.4849978E+3	1.1060451E+3
1.3452774E+2	9.2135375E-1	1.4849396E+3	1.1059362E+3
1.3510272E+2	9.2951959E-1	1.4848814E+3	1.1059706E+3
1.3567546E+2	9.5179683E-1	1.4848382E+3	1.1059618E+3
1.3625091E+2	1.2548418E+0	1.4847844E+3	1.1059418E+3
1.3682627E+2	1.8692465E+0	1.4847368E+3	1.1062491E+3
1.3740216E+2	2.6293548E+0	1.4847086E+3	1.1069375E+3
1.3797593E+2	3.1473639E+0	1.4846655E+3	1.1076954E+3
1.3855130E+2	3.4340622E+0	1.4846104E+3	1.1088457E+3
1.3912560E+2	3.5770091E+0	1.4845622E+3	1.1101700E+3
1.3969885E+2	3.6040845E+0	1.4845328E+3	1.1117491E+3
1.4027304E+2	3.5647603E+0	1.4845284E+3	1.1136911E+3
1.4084877E+2	3.4802707E+0	1.4845084E+3	1.1154797E+3
1.4142293E+2	3.3629688E+0	1.4844840E+3	1.1173078E+3
1.4199570E+2	3.2515528E+0	1.4844627E+3	1.1193381E+3
1.4257020E+2	3.1158628E+0	1.4844358E+3	1.1207995E+3
1.4314603E+2	3.0026289E+0	1.4843851E+3	1.1227290E+3
1.4371886E+2	2.8853120E+0	1.4843093E+3	1.1243756E+3
1.4429596E+2	2.7782770E+0	1.4842424E+3	1.1259971E+3
1.4486984E+2	2.6827009E+0	1.4842173E+3	1.1276519E+3
1.4544459E+2	2.5887938E+0	1.4842017E+3	1.1292040E+3
1.4601778E+2	2.5207849E+0	1.4841735E+3	1.1306491E+3
1.4659364E+2	2.4828018E+0	1.4841454E+3	1.1321336E+3
1.4716682E+2	2.6220085E+0	1.4841216E+3	1.1332945E+3
1.4774250E+2	2.8082730E+0	1.4841147E+3	1.1344874E+3
1.4831662E+2	2.9181691E+0	1.4841084E+3	1.1357178E+3
1.4889291E+2	2.9727669E+0	1.4840872E+3	1.1369426E+3
1.4946782E+2	2.9553773E+0	1.4840584E+3	1.1384334E+3
1.5004110E+2	2.9183181E+0	1.4840202E+3	1.1391005E+3
1.5061454E+2	2.8443189E+0	1.4839839E+3	1.1403222E+3
1.5119018E+2	2.7784707E+0	1.4839495E+3	1.1415113E+3
1.5176400E+2	2.8154405E+0	1.4839226E+3	1.1424469E+3
1.5233885E+2	2.9761942E+0	1.4838944E+3	1.1435860E+3
1.5291497E+2	3.0946137E+0	1.4838725E+3	1.1445385E+3
1.5348888E+2	3.1240137E+0	1.4838431E+3	1.1456782E+3
1.5406417E+2	3.1201394E+0	1.4838037E+3	1.1466633E+3
1.5464011E+2	3.0611308E+0	1.4837611E+3	1.1477041E+3
1.5521390E+2	2.9884579E+0	1.4837148E+3	1.1486641E+3
1.5578888E+2	2.9089602E+0	1.4836697E+3	1.1497293E+3
1.5636528E+2	2.9418917E+0	1.4836165E+3	1.1507000E+3
1.5694053E+2	3.1011255E+0	1.4835702E+3	1.1518028E+3
1.5751684E+2	3.1844230E+0	1.4835320E+3	1.1526527E+3
1.5809056E+2	3.2127800E+0	1.4834957E+3	1.1537930E+3
1.5866285E+2	3.1732472E+0	1.4834425E+3	1.1544294E+3
1.5923783E+2	3.1094702E+0	1.4833781E+3	1.1555165E+3
1.5981329E+2	3.0255469E+0	1.4833105E+3	1.1564021E+3
1.6038694E+2	2.9791595E+0	1.4832554E+3	1.1571988E+3
1.6096281E+2	3.0705186E+0	1.4832085E+3	1.1581401E+3
1.6153839E+2	3.1242521E+0	1.4831784E+3	1.1590232E+3
1.6211271E+2	3.1346383E+0	1.4831428E+3	1.1598280E+3
1.6268674E+2	3.0916484E+0	1.4831159E+3	1.1608688E+3
1.6326075E+2	3.0265750E+0	1.4830821E+3	1.1616136E+3
1.6383643E+2	2.9725434E+0	1.4830445E+3	1.1623070E+3
1.6441091E+2	3.0391069E+0	1.4830019E+3	1.1632132E+3
1.6498544E+2	3.1889828E+0	1.4829419E+3	1.1637915E+3
1.6556008E+2	3.2474848E+0	1.4828736E+3	1.1646270E+3
1.6613428E+2	3.2624902E+0	1.4828117E+3	1.1653662E+3
1.6670877E+2	3.2174440E+0	1.4827597E+3	1.1661672E+3
1.6728390E+2	3.1383337E+0	1.4827191E+3	1.1669984E+3
1.6785677E+2	3.0540230E+0	1.4826646E+3	1.1676386E+3
1.6843184E+2	3.0246081E+0	1.4826008E+3	1.1682738E+3
1.6900562E+2	3.1539204E+0	1.4825463E+3	1.1690086E+3
1.6957849E+2	3.2508524E+0	1.4824938E+3	1.1696764E+3
1.7015389E+2	3.2869877E+0	1.4824481E+3	1.1704881E+3
1.7072878E+2	3.2621028E+0	1.4824111E+3	1.1711684E+3
1.7130631E+2	3.2018127E+0	1.4823630E+3	1.1719520E+3
1.7187886E+2	3.1214805E+0	1.4823116E+3	1.1723938E+3
1.7245515E+2	3.0169042E+0	1.4822509E+3	1.1731286E+3
1.7303025E+2	3.0117782E+0	1.4821833E+3	1.1737250E+3
1.7360611E+2	3.1259360E+0	1.4821057E+3	1.1743089E+3
1.7417871E+2	3.2359960E+0	1.4820262E+3	1.1752189E+3
1.7475592E+2	3.2648744E+0	1.4819480E+3	1.1754886E+3
1.7533019E+2	3.2394232E+0	1.4818817E+3	1.1761276E+3
1.7590612E+2	3.1870456E+0	1.4818247E+3	1.1768380E+3
1.7648120E+2	3.0846449E+0	1.4817784E+3	1.1775082E+3
1.7705566E+2	2.9961916E+0	1.4817315E+3	1.1778831E+3
1.7763210E+2	2.9945524E+0	1.4816777E+3	1.1783957E+3
1.7820674E+2	3.1335505E+0	1.4816370E+3	1.1790616E+3
1.7878403E+2	3.2315554E+0	1.4815957E+3	1.1795516E+3
1.7935842E+2	3.2489451E+0	1.4815443E+3	1.1800855E+3
1.7993418E+2	3.2279493E+0	1.4814955E+3	1.1806062E+3
1.8050786E+2	3.1585248E+0	1.4814442E+3	1.1810956E+3
1.8108092E+2	3.0852558E+0	1.4814060E+3	1.1815519E+3
1.8165630E+2	2.9889198E+0	1.4813729E+3	1.1819061E+3
1.8222914E+2	3.0054601E+0	1.4813353E+3	1.1824769E+3
1.8280213E+2	3.1456055E+0	1.4813084E+3	1.1828455E+3
1.8337583E+2	3.2314064E+0	1.4812771E+3	1.1834450E+3
1.8395031E+2	3.2682272E+0	1.4812358E+3	1.1838700E+3
1.8452564E+2	3.2338055E+0	1.4811788E+3	1.1842737E+3
1.8510088E+2	3.1841846E+0	1.4811181E+3	1.1846886E+3
1.8567522E+2	3.0934365E+0	1.4810637E+3	1.1849803E+3
1.8625025E+2	3.0916335E+0	1.4810193E+3	1.1855416E+3
1.8682519E+2	3.1853171E+0	1.4809805E+3	1.1859422E+3
1.8739782E+2	3.2196196E+0	1.4809598E+3	1.1863121E+3
1.8797236E+2	3.2144787E+0	1.4809423E+3	1.1867051E+3
1.8854603E+2	3.1517150E+0	1.4809141E+3	1.1870762E+3
1.8912081E+2	3.0848386E+0	1.4808816E+3	1.1875450E+3
1.8969562E+2	3.1018855E+0	1.4808390E+3	1.1880907E+3
1.9026887E+2	3.1940194E+0	1.4807977E+3	1.1881746E+3
1.9084622E+2	3.2327177E+0	1.4807577E+3	1.1885977E+3
1.9142141E+2	3.2061638E+0	1.4807057E+3	1.1890752E+3
1.9199691E+2	3.1588675E+0	1.4806525E+3	1.1893074E+3
1.9257393E+2	3.0721726E+0	1.4806175E+3	1.1897874E+3
1.9314781E+2	3.0642601E+0	1.4805768E+3	1.1901441E+3
1.9372194E+2	3.1496884E+0	1.4805261E+3	1.1903313E+3
1.9429675E+2	3.1979533E+0	1.4804723E+3	1.1908526E+3
1.9487127E+2	3.2044502E+0	1.4803934E+3	1.1911355E+3
1.9544611E+2	3.1525942E+0	1.4803083E+3	1.1912926E+3
1.9602019E+2	3.0889215E+0	1.4802032E+3	1.1915999E+3
1.9659683E+2	3.0916037E+0	1.4801043E+3	1.1919159E+3
1.9717093E+2	3.1864943E+0	1.4800285E+3	1.1923283E+3
1.9774560E+2	3.2317044E+0	1.4799697E+3	1.1926062E+3
1.9832118E+2	3.2127651E+0	1.4799178E+3	1.1927295E+3
1.9889501E+2	3.1669142E+0	1.4798715E+3	1.1934436E+3
1.9947009E+2	3.0800553E+0	1.4798420E+3	1.1934805E+3
2.0004525E+2	3.0585380E+0	1.4798057E+3	1.1938404E+3
2.0061883E+2	3.1629952E+0	1.4797744E+3	1.1942653E+3
2.0119320E+2	3.2862576E+0	1.4797400E+3	1.1942754E+3
2.0176768E+2	3.3302607E+0	1.4797043E+3	1.1943605E+3
2.0234120E+2	3.3093991E+0	1.4796706E+3	1.1948224E+3
2.0291682E+2	3.2602402E+0	1.4796330E+3	1.1949707E+3
2.0349090E+2	3.1708034E+0	1.4795804E+3	1.1952711E+3
2.0406703E+2	3.0822309E+0	1.4795385E+3	1.1955640E+3
2.0464093E+2	3.0443968E+0	1.4794978E+3	1.1958318E+3
2.0521668E+2	3.1581523E+0	1.4794628E+3	1.1960985E+3
2.0579131E+2	3.2814594E+0	1.4794302E+3	1.1967112E+3
2.0636654E+2	3.3155235E+0	1.4793820E+3	1.1967331E+3
2.0694016E+2	3.3069106E+0	1.4793407E+3	1.1968388E+3
2.0751548E+2	3.2408984E+0	1.4792975E+3	1.1973564E+3
2.0808992E+2	3.1635763E+0	1.4792487E+3	1.1973996E+3
2.0866437E+2	3.0621143E+0	1.4792049E+3	1.1976368E+3
2.0923868E+2	3.0409398E+0	1.4791711E+3	1.1979253E+3
2.0981343E+2	3.1650515E+0	1.4791392E+3	1.1981800E+3
2.1038676E+2	3.2719525E+0	1.4790916E+3	1.1984354E+3
2.1096306E+2	3.3249410E+0	1.4790140E+3	1.1987596E+3
2.1153682E+2	3.2963159E+0	1.4789433E+3	1.1989673E+3
2.1211218E+2	3.2399746E+0	1.4788757E+3	1.1994493E+3
2.1268671E+2	3.1548293E+0	1.4788181E+3	1.1996940E+3
2.1326206E+2	3.0594768E+0	1.4787543E+3	1.1998442E+3
2.1383603E+2	3.0572863E+0	1.4786917E+3	1.2001164E+3
2.1441082E+2	3.1331630E+0	1.4786260E+3	1.2005376E+3
2.1498665E+2	3.1862261E+0	1.4785797E+3	1.2006909E+3
2.1556081E+2	3.1710865E+0	1.4785434E+3	1.2008950E+3
2.1613783E+2	3.1314941E+0	1.4785084E+3	1.2012423E+3
2.1671100E+2	3.0927362E+0	1.4784677E+3	1.2015352E+3
2.1728629E+2	3.1724574E+0	1.4784095E+3	1.2016397E+3
2.1786089E+2	3.2587053E+0	1.4783481E+3	1.2018375E+3
2.1843493E+2	3.2663794E+0	1.4782787E+3	1.2021348E+3
2.1900967E+2	3.2417478E+0	1.4782142E+3	1.2023169E+3
2.1958682E+2	3.1704010E+0	1.4781504E+3	1.2025716E+3
2.2016156E+2	3.0909928E+0	1.4780746E+3	1.2028783E+3
2.2073451E+2	3.0703993E+0	1.4780108E+3	1.2031418E+3
2.2130681E+2	3.1853618E+0	1.4779513E+3	1.2033445E+3
2.2188177E+2	3.3068212E+0	1.4778963E+3	1.2036725E+3
2.2245677E+2	3.3402594E+0	1.4778518E+3	1.2039065E+3
2.2303410E+2	3.3337625E+0	1.4777974E+3	1.2042376E+3
2.2360777E+2	3.2730701E+0	1.4777254E+3	1.2044410E+3
2.2418160E+2	3.1994881E+0	1.4776272E+3	1.2045330E+3
2.2475677E+2	3.1010063E+0	1.4775333E+3	1.2050287E+3
2.2533122E+2	3.0232223E+0	1.4774544E+3	1.2052146E+3
2.2590379E+2	3.0968787E+0	1.4774100E+3	1.2053923E+3
2.2647780E+2	3.2181295E+0	1.4773749E+3	1.2054224E+3
2.2705209E+2	3.3003839E+0	1.4773399E+3	1.2056151E+3
2.2762681E+2	3.2971950E+0	1.4772992E+3	1.2058166E+3
2.2820086E+2	3.2598229E+0	1.4772579E+3	1.2061621E+3
2.2877553E+2	3.1889381E+0	1.4772047E+3	1.2062366E+3
2.2935025E+2	3.0970277E+0	1.4771609E+3	1.2065927E+3
2.2992673E+2	3.0432792E+0	1.4771115E+3	1.2066628E+3
2.3050108E+2	3.1139405E+0	1.4770583E+3	1.2068218E+3
2.3107435E+2	3.2651277E+0	1.4769938E+3	1.2071278E+3
2.3164973E+2	3.3232572E+0	1.4769243E+3	1.2070846E+3
2.3222526E+2	3.3302458E+0	1.4768567E+3	1.2075822E+3
2.3279878E+2	3.2926800E+0	1.4767816E+3	1.2076266E+3
2.3337495E+2	3.2136740E+0	1.4766984E+3	1.2077436E+3
2.3394977E+2	3.1276198E+0	1.4766321E+3	1.2080284E+3
2.3452344E+2	3.0280055E+0	1.4765845E+3	1.2081097E+3
2.3509877E+2	3.0647518E+0	1.4765394E+3	1.2083526E+3
2.3567363E+2	3.1986387E+0	1.4764950E+3	1.2083244E+3
2.3624762E+2	3.2915475E+0	1.4764675E+3	1.2086761E+3
2.3682318E+2	3.3242853E+0	1.4764293E+3	1.2085960E+3
2.3739684E+2	3.2943489E+0	1.4763867E+3	1.2087268E+3
2.3797090E+2	3.2382758E+0	1.4763335E+3	1.2091343E+3
2.3854501E+2	3.1444283E+0	1.4762747E+3	1.2092788E+3
2.3911736E+2	3.0660929E+0	1.4762303E+3	1.2093696E+3
2.3969309E+2	3.1026604E+0	1.4762246E+3	1.2096387E+3
2.4026869E+2	3.2438787E+0	1.4762240E+3	1.2094979E+3
2.4084510E+2	3.3280255E+0	1.4762146E+3	1.2097776E+3
2.4142160E+2	3.3383818E+0	1.4761733E+3	1.2097620E+3
2.4199624E+2	3.3172222E+0	1.4761057E+3	1.2098909E+3
2.4257024E+2	3.2416137E+0	1.4760056E+3	1.2100749E+3
2.4314540E+2	3.1607004E+0	1.4759048E+3	1.2106632E+3
2.4372025E+2	3.0662717E+0	1.4758228E+3	1.2107590E+3
2.4429407E+2	3.0403586E+0	1.4757709E+3	1.2105844E+3
2.4486733E+2	3.1391384E+0	1.4757333E+3	1.2106789E+3
2.4544308E+2	3.1830223E+0	1.4756933E+3	1.2105800E+3
2.4601887E+2	3.1909945E+0	1.4756514E+3	1.2107953E+3
2.4659363E+2	3.1401815E+0	1.4756057E+3	1.2108560E+3
2.4716777E+2	3.1071009E+0	1.4755650E+3	1.2109298E+3
2.4774121E+2	3.1891914E+0	1.4755324E+3	1.2109730E+3
2.4831669E+2	3.2652469E+0	1.4754886E+3	1.2110318E+3
2.4889013E+2	3.2942148E+0	1.4754179E+3	1.2113341E+3
2.4946574E+2	3.2524915E+0	1.4753403E+3	1.2113222E+3
2.5004322E+2	3.1993689E+0	1.4752558E+3	1.2111783E+3
2.5061677E+2	3.1159969E+0	1.4751888E+3	1.2112177E+3
2.5119326E+2	3.1548740E+0	1.4751313E+3	1.2115169E+3
2.5176731E+2	3.2469930E+0	1.4750831E+3	1.2115263E+3
2.5234400E+2	3.2753350E+0	1.4750255E+3	1.2114599E+3
2.5291787E+2	3.2629224E+0	1.4749617E+3	1.2120520E+3
2.5349550E+2	3.1925889E+0	1.4748997E+3	1.2116896E+3
2.5407013E+2	3.1263234E+0	1.4748446E+3	1.2117610E+3
2.5464378E+2	3.1211974E+0	1.4748133E+3	1.2123004E+3
2.5521847E+2	3.2197984E+0	1.4747827E+3	1.2120895E+3
2.5579307E+2	3.2641443E+0	1.4747489E+3	1.2120119E+3
2.5636677E+2	3.2579156E+0	1.4746944E+3	1.2121565E+3
2.5694096E+2	3.2180699E+0	1.4746262E+3	1.2121840E+3
2.5751578E+2	3.1363966E+0	1.4745530E+3	1.2122547E+3
2.5809019E+2	3.1147005E+0	1.4744885E+3	1.2128011E+3
2.5866473E+2	3.1940939E+0	1.4744453E+3	1.2126565E+3
2.5923749E+2	3.2614024E+0	1.4744216E+3	1.2124625E+3
2.5981320E+2	3.2714905E+0	1.4743815E+3	1.2125383E+3
2.6038763E+2	3.2283815E+0	1.4743258E+3	1.2127442E+3
2.6096126E+2	3.1700434E+0	1.4742613E+3	1.2127204E+3
2.6153533E+2	3.1438174E+0	1.4741812E+3	1.2128812E+3
2.6210886E+2	3.2749029E+0	1.4740949E+3	1.2129469E+3
2.6268442E+2	3.3864381E+0	1.4740373E+3	1.2130095E+3
2.6325764E+2	3.4225734E+0	1.4739885E+3	1.2133030E+3
2.6383338E+2	3.4136923E+0	1.4739459E+3	1.2134708E+3
2.6440767E+2	3.3497812E+0	1.4739134E+3	1.2130558E+3
2.6498515E+2	3.2713862E+0	1.4738908E+3	1.2133043E+3
2.6555867E+2	3.1577798E+0	1.4738439E+3	1.2133875E+3
2.6613532E+2	3.0639918E+0	1.4737794E+3	1.2132918E+3
2.6670875E+2	3.0646177E+0	1.4737006E+3	1.2132786E+3
2.6728506E+2	3.1986686E+0	1.4736061E+3	1.2133149E+3
2.6785886E+2	3.3052566E+0	1.4735160E+3	1.2133431E+3
2.6843378E+2	3.3323767E+0	1.4734358E+3	1.2132768E+3
2.6900827E+2	3.3170732E+0	1.4733708E+3	1.2133062E+3
2.6958098E+2	3.2486620E+0	1.4733101E+3	1.2133494E+3
2.7015517E+2	3.1722488E+0	1.4732581E+3	1.2133137E+3
2.7073120E+2	3.0855240E+0	1.4732024E+3	1.2132968E+3
2.7130472E+2	3.1078460E+0	1.4731486E+3	1.2132480E+3
2.7188014E+2	3.2524617E+0	1.4731004E+3	1.2134914E+3
2.7245460E+2	3.3393355E+0	1.4730391E+3	1.2131710E+3
2.7302785E+2	3.3733847E+0	1.4729758E+3	1.2133500E+3
2.7360469E+2	3.3404829E+0	1.4729051E+3	1.2131829E+3
2.7417984E+2	3.2813253E+0	1.4728294E+3	1.2132029E+3
2.7475512E+2	3.1948837E+0	1.4727762E+3	1.2132799E+3
2.7532941E+2	3.0975344E+0	1.4727286E+3	1.2134520E+3
2.7590621E+2	3.0696096E+0	1.4726817E+3	1.2133237E+3
2.7648004E+2	3.1414779E+0	1.4726254E+3	1.2133487E+3
2.7705651E+2	3.2134505E+0	1.4725597E+3	1.2135446E+3
2.7763091E+2	3.2150151E+0	1.4724789E+3	1.2135853E+3
2.7820682E+2	3.1768533E+0	1.4724157E+3	1.2135690E+3
2.7878292E+2	3.1326266E+0	1.4723563E+3	1.2135089E+3
2.7935567E+2	3.1957926E+0	1.4723068E+3	1.2135315E+3
2.7992854E+2	3.2980593E+0	1.4722505E+3	1.2135872E+3
2.8050517E+2	3.3209177E+0	1.4721829E+3	1.2141548E+3
2.8108129E+2	3.3069106E+0	1.4721353E+3	1.2139896E+3
2.8165653E+2	3.2390656E+0	1.4720821E+3	1.2139314E+3
2.8223076E+2	3.1531455E+0	1.4720421E+3	1.2139402E+3
2.8280651E+2	3.1080993E+0	1.4719995E+3	1.2140265E+3
2.8337887E+2	3.1777175E+0	1.4719501E+3	1.2142111E+3
2.8395297E+2	3.2504352E+0	1.4718693E+3	1.2142287E+3
2.8452852E+2	3.2483639E+0	1.4717742E+3	1.2144696E+3
2.8510399E+2	3.2221528E+0	1.4716797E+3	1.2145704E+3
2.8567684E+2	3.1518938E+0	1.4716059E+3	1.2145654E+3
2.8625203E+2	3.1412097E+0	1.4715326E+3	1.2145447E+3
2.8682664E+2	3.2462480E+0	1.4714701E+3	1.2146067E+3
2.8740284E+2	3.2924565E+0	1.4714237E+3	1.2148376E+3
2.8797816E+2	3.2960178E+0	1.4713893E+3	1.2147976E+3
2.8855431E+2	3.2370390E+0	1.4713543E+3	1.2148007E+3
2.8913686E+2	3.1700285E+0	1.4713092E+3	1.2149528E+3
2.8971104E+2	3.1200351E+0	1.4712679E+3	1.2149396E+3
2.9028468E+2	3.1988921E+0	1.4712135E+3	1.2149478E+3
2.9085989E+2	3.2773020E+0	1.4711377E+3	1.2151775E+3
2.9143299E+2	3.2814743E+0	1.4710639E+3	1.2150385E+3
2.9200822E+2	3.2549949E+0	1.4709800E+3	1.2150892E+3
2.9258197E+2	3.1857343E+0	1.4708999E+3	1.2151261E+3
2.9315554E+2	3.1241031E+0	1.4708298E+3	1.2151568E+3
2.9373090E+2	3.1790139E+0	1.4707572E+3	1.2151850E+3
2.9430512E+2	3.2557102E+0	1.4706990E+3	1.2154616E+3
2.9488022E+2	3.2851549E+0	1.4706408E+3	1.2153220E+3
2.9545650E+2	3.2460244E+0	1.4705845E+3	1.2153690E+3
2.9603100E+2	3.1994732E+0	1.4705181E+3	1.2154134E+3
2.9660663E+2	3.1200351E+0	1.4704568E+3	1.2155354E+3
2.9718214E+2	3.1366797E+0	1.4703848E+3	1.2153790E+3
2.9775755E+2	3.2721015E+0	1.4703016E+3	1.2157933E+3
2.9833295E+2	3.3655318E+0	1.4702277E+3	1.2158997E+3
2.9890887E+2	3.4108462E+0	1.4701620E+3	1.2154822E+3
2.9948432E+2	3.3791812E+0	1.4700963E+3	1.2154635E+3
3.0006058E+2	3.3254178E+0	1.4700369E+3	1.2156612E+3
3.0063678E+2	3.2395126E+0	1.4699755E+3	1.2155855E+3
3.0120941E+2	3.1395109E+0	1.4699192E+3	1.2156487E+3
3.0178441E+2	3.0945690E+0	1.4698579E+3	1.2161613E+3
3.0235760E+2	3.1832160E+0	1.4697915E+3	1.2162802E+3
3.0293229E+2	3.3109786E+0	1.4697183E+3	1.2163071E+3
3.0350682E+2	3.3597799E+0	1.4696595E+3	1.2159266E+3
3.0408181E+2	3.3641907E+0	1.4696150E+3	1.2159616E+3
3.0465674E+2	3.3053013E+0	1.4695637E+3	1.2159498E+3
3.0523011E+2	3.2229574E+0	1.4694943E+3	1.2161175E+3
3.0580535E+2	3.1389447E+0	1.4694098E+3	1.2160843E+3
3.0638013E+2	3.0536057E+0	1.4693422E+3	1.2163171E+3
3.0695570E+2	3.1207504E+0	1.4692877E+3	1.2163290E+3
3.0753096E+2	3.2526555E+0	1.4692445E+3	1.2163190E+3
3.0810671E+2	3.3379795E+0	1.4691938E+3	1.2161632E+3
3.0868123E+2	3.3478590E+0	1.4691306E+3	1.2163835E+3
3.0925773E+2	3.3081921E+0	1.4690587E+3	1.2161369E+3
3.0983090E+2	3.2448622E+0	1.4689817E+3	1.2181596E+3
3.1040790E+2	3.1550081E+0	1.4689216E+3	1.2171645E+3
3.1098401E+2	3.0785801E+0	1.4688678E+3	1.2166207E+3
3.1155773E+2	3.0761363E+0	1.4688052E+3	1.2162915E+3
3.1213302E+2	3.2195749E+0	1.4687226E+3	1.2161431E+3
3.1270682E+2	3.3243301E+0	1.4686487E+3	1.2158784E+3
3.1328087E+2	3.3569636E+0	1.4685836E+3	1.2178361E+3
3.1385521E+2	3.3431204E+0	1.4685317E+3	1.2182710E+3
3.1442886E+2	3.2758119E+0	1.4684916E+3	1.2175832E+3
3.1500336E+2	3.2053294E+0	1.4684478E+3	1.2170300E+3
3.1557886E+2	3.1085016E+0	1.4683890E+3	1.2168585E+3
3.1615293E+2	3.1320902E+0	1.4683233E+3	1.2165187E+3
3.1672618E+2	3.2637121E+0	1.4682595E+3	1.2171026E+3
3.1730202E+2	3.3510776E+0	1.4682012E+3	1.2171126E+3
3.1787672E+2	3.3863934E+0	1.4681468E+3	1.2171138E+3
3.1845118E+2	3.3525230E+0	1.4680917E+3	1.2166958E+3
3.1902457E+2	3.2998176E+0	1.4680260E+3	1.2166501E+3
3.1960086E+2	3.2105448E+0	1.4679534E+3	1.2172440E+3
3.2017683E+2	3.1132998E+0	1.4678789E+3	1.2166182E+3
3.2075296E+2	3.0725749E+0	1.4678020E+3	1.2165919E+3
3.2132830E+2	3.1798037E+0	1.4677281E+3	1.2167878E+3
3.2190398E+2	3.3042284E+0	1.4676518E+3	1.2165030E+3
3.2247758E+2	3.3382626E+0	1.4675848E+3	1.2166413E+3
3.2305367E+2	3.3392312E+0	1.4675184E+3	1.2163534E+3
3.2362722E+2	3.2825919E+0	1.4674377E+3	1.2164304E+3
3.2420162E+2	3.2102021E+0	1.4673570E+3	1.2163659E+3
3.2477658E+2	3.1243416E+0	1.4672838E+3	1.2163052E+3
3.2535185E+2	3.0450674E+0	1.4671867E+3	1.2165318E+3
3.2592682E+2	3.1209143E+0	1.4670916E+3	1.2165356E+3
3.2650088E+2	3.2476636E+0	1.4670034E+3	1.2162089E+3
3.2707410E+2	3.3291431E+0	1.4669170E+3	1.2161857E+3
3.2764978E+2	3.3373984E+0	1.4668569E+3	1.2163954E+3
3.2822611E+2	3.3048244E+0	1.4668012E+3	1.2162940E+3
3.2879979E+2	3.2470973E+0	1.4667374E+3	1.2163866E+3
3.2937418E+2	3.1557979E+0	1.4666698E+3	1.2160468E+3
3.2994757E+2	3.0695649E+0	1.4666010E+3	1.2163703E+3
3.3052414E+2	3.0671509E+0	1.4665359E+3	1.2160568E+3
3.3109849E+2	3.2058062E+0	1.4664702E+3	1.2159692E+3
3.3167361E+2	3.3027234E+0	1.4664026E+3	1.2159422E+3
3.3224872E+2	3.3324959E+0	1.4663419E+3	1.2158784E+3
3.3282352E+2	3.3164920E+0	1.4662930E+3	1.2159047E+3
3.3339774E+2	3.2513293E+0	1.4662367E+3	1.2160424E+3
3.3397538E+2	3.1846019E+0	1.4661766E+3	1.2163153E+3
3.3454885E+2	3.0889364E+0	1.4661234E+3	1.2161319E+3
3.3512409E+2	3.0526223E+0	1.4660727E+3	1.2157952E+3
3.3569888E+2	3.1565281E+0	1.4660220E+3	1.2160111E+3
3.3627426E+2	3.2887312E+0	1.4659676E+3	1.2157345E+3
3.3685648E+2	3.3586176E+0	1.4659194E+3	1.2160737E+3
3.3743181E+2	3.3488276E+0	1.4658668E+3	1.2194163E+3
3.3800480E+2	3.3074023E+0	1.4657930E+3	1.2227872E+3
3.3857765E+2	3.2261612E+0	1.4657229E+3	5.2732662E+3
3.3915405E+2	3.1381251E+0	1.4656503E+3	1.0500000E+4
3.3972890E+2	3.0616822E+0	1.4655902E+3	3.3207719E+3
3.4030387E+2	3.1409564E+0	1.4655289E+3	1.0500000E+4
3.4097443E+2	3.2632502E+0	1.4654763E+3	1.0500000E+4
3.4154885E+2	3.3436122E+0	1.4654012E+3	1.0500000E+4
3.4212442E+2	3.3412429E+0	1.4653023E+3	1.0500000E+4
3.4269888E+2	3.3078792E+0	1.4651959E+3	1.0368045E+4
3.4327414E+2	3.2293053E+0	1.4651045E+3	1.0112552E+4
3.4384948E+2	3.1445028E+0	1.4650176E+3	9.7963275E+3
3.4442560E+2	3.0686857E+0	1.4649362E+3	9.9606379E+3
3.4499993E+2	3.0942859E+0	1.4648617E+3	9.9349236E+3
3.4557486E+2	3.2390060E+0	1.4647973E+3	9.7483687E+3
3.4614775E+2	3.3188017E+0	1.4647315E+3	9.7066221E+3
3.4672535E+2	3.3499153E+0	1.4646602E+3	9.5442319E+3
3.4729881E+2	3.3200832E+0	1.4645738E+3	9.5686375E+3
3.4787317E+2	3.2596441E+0	1.4644937E+3	9.5823141E+3
3.4844661E+2	3.1809064E+0	1.4644142E+3	9.4349605E+3
3.4902216E+2	3.0814411E+0	1.4643435E+3	8.4112027E+3
3.4959677E+2	3.0664207E+0	1.4642816E+3	7.9227659E+3
3.5017068E+2	3.1826945E+0	1.4642146E+3	7.6616267E+3
3.5074639E+2	3.3096077E+0	1.4641551E+3	7.6811175E+3
3.5132274E+2	3.3465924E+0	1.4641001E+3	7.4377061E+3
3.5189578E+2	3.3374580E+0	1.4640519E+3	7.8176458E+3
3.5246964E+2	3.2944681E+0	1.4640081E+3	7.7848088E+3
3.5304524E+2	3.2116475E+0	1.4639486E+3	8.4322212E+3
3.5362022E+2	3.1315239E+0	1.4638566E+3	8.0283866E+3
3.5419574E+2	3.1120779E+0	1.4637558E+3	7.9290675E+3
3.5477096E+2	3.2404961E+0	1.4636582E+3	7.1618401E+3
3.5534609E+2	3.3454450E+0	1.4635737E+3	6.9130396E+3
3.5592197E+2	3.3852311E+0	1.4635130E+3	8.0412140E+3
3.5649677E+2	3.3688547E+0	1.4634442E+3	7.1372693E+3
3.5707225E+2	3.3075066E+0	1.4633760E+3	6.8089021E+3
3.5764772E+2	3.2322111E+0	1.4633265E+3	9.5223860E+3
3.5822347E+2	3.1297954E+0	1.4632746E+3	9.7408748E+3
3.5879840E+2	3.0704590E+0	1.4632170E+3	9.7096650E+3
3.5937434E+2	3.1549336E+0	1.4631607E+3	9.7140710E+3
3.5995019E+2	3.2871815E+0	1.4630956E+3	9.7637997E+3
3.6052682E+2	3.3593776E+0	1.4630311E+3	9.9286645E+3
3.6110072E+2	3.3504518E+0	1.4629798E+3	9.9466589E+3
3.6167641E+2	3.3123346E+0	1.4629329E+3	9.7601710E+3
3.6224986E+2	3.2361599E+0	1.4628778E+3	9.7735835E+3
3.6282255E+2	3.1494202E+0	1.4628246E+3	9.8466758E+3
3.6339682E+2	3.0698480E+0	1.4627564E+3	9.8565667E+3
3.6397109E+2	3.1081440E+0	1.4626869E+3	9.8665146E+3
3.6454677E+2	3.2561870E+0	1.4626181E+3	1.0024786E+4
3.6512302E+2	3.3316614E+0	1.4625511E+3	1.0110910E+4
3.6569682E+2	3.3618065E+0	1.4624847E+3	1.0089982E+4
3.6627389E+2	3.3242406E+0	1.4624234E+3	1.0165045E+4
3.6684710E+2	3.2615217E+0	1.4623658E+3	1.0170288E+4
3.6742187E+2	3.1828882E+0	1.4623095E+3	1.0238883E+4
3.6799473E+2	3.0876549E+0	1.4622463E+3	1.0165799E+4
3.6856772E+2	3.0841978E+0	1.4621825E+3	1.0083568E+4
3.6914140E+2	3.1995328E+0	1.4621305E+3	1.0148745E+4
3.6971633E+2	3.3209922E+0	1.4620823E+3	1.0104795E+4
3.7029018E+2	3.3593627E+0	1.4620147E+3	9.9222821E+3
3.7086511E+2	3.3493044E+0	1.4619346E+3	9.9838938E+3
3.7144035E+2	3.2985659E+0	1.4618339E+3	1.0017897E+4
3.7201423E+2	3.2077285E+0	1.4617381E+3	1.0074756E+4
3.7258982E+2	3.1262489E+0	1.4616524E+3	9.9552349E+3
3.7316678E+2	3.0574800E+0	1.4615748E+3	9.9762578E+3
3.7374119E+2	3.1470211E+0	1.4615022E+3	9.9815206E+3
3.7431627E+2	3.2782259E+0	1.4614077E+3	1.0039940E+4
3.7488989E+2	3.3479335E+0	1.4613257E+3	9.9856918E+3
3.7546647E+2	3.3547135E+0	1.4612650E+3	9.9608876E+3
3.7604018E+2	3.3148380E+0	1.4612061E+3	9.9086248E+3
3.7661495E+2	3.2543840E+0	1.4611448E+3	9.9140459E+3
3.7718959E+2	3.1567814E+0	1.4610910E+3	9.9083494E+3
3.7776609E+2	3.0723067E+0	1.4610422E+3	9.8402715E+3
3.7833881E+2	3.1021686E+0	1.4609946E+3	9.8947892E+3
3.7891387E+2	3.2397511E+0	1.4609301E+3	9.8664263E+3
3.7948882E+2	3.3322575E+0	1.4608563E+3	9.9541090E+3
3.8006402E+2	3.3522399E+0	1.4607712E+3	1.0025058E+4
3.8063775E+2	3.3327790E+0	1.4606923E+3	1.0030449E+4
3.8121396E+2	3.2597484E+0	1.4606253E+3	1.0028867E+4
3.8178753E+2	3.1781348E+0	1.4605634E+3	9.9517952E+3
3.8236308E+2	3.0903818E+0	1.4605064E+3	9.9955590E+3
3.8293763E+2	3.0650051E+0	1.4604476E+3	9.9872258E+3
3.8351221E+2	3.1942429E+0	1.4603819E+3	9.9779257E+3
3.8408677E+2	3.3088924E+0	1.4603105E+3	9.9875137E+3
3.8466025E+2	3.3620002E+0	1.4602035E+3	9.9481271E+3
3.8523665E+2	3.3523144E+0	1.4600909E+3	9.9921750E+3
3.8581096E+2	3.3037515E+0	1.4600008E+3	1.0003047E+4
3.8638634E+2	3.2133015E+0	1.4599213E+3	1.0003102E+4
3.8696027E+2	3.1338634E+0	1.4598518E+3	9.8775470E+3
3.8753410E+2	3.0749740E+0	1.4597961E+3	9.8781792E+3
3.8810850E+2	3.0141028E+0	1.4597435E+3	9.9158246E+3
3.8868280E+2	2.9430540E+0	1.4596947E+3	9.8609927E+3
3.8925679E+2	2.8776230E+0	1.4596484E+3	9.8312862E+3
3.8983301E+2	2.8122069E+0	1.4596015E+3	9.7384002E+3
3.9040775E+2	2.7440043E+0	1.4595595E+3	9.7222564E+3
3.9098323E+2	2.6746692E+0	1.4595019E+3	9.7530970E+3
3.9155682E+2	2.6148261E+0	1.4594412E+3	9.7665753E+3
3.9213207E+2	2.5460275E+0	1.4593724E+3	9.8042489E+3
3.9270699E+2	2.4953933E+0	1.4592791E+3	9.7535407E+3
3.9328295E+2	2.4366678E+0	1.4591809E+3	9.7545227E+3
3.9385775E+2	2.3891331E+0	1.4590732E+3	9.8408898E+3
3.9443272E+2	2.3414941E+0	1.4589775E+3	9.8552969E+3
3.9500681E+2	2.2904874E+0	1.4589086E+3	9.8832579E+3
3.9558217E+2	2.2565128E+0	1.4588617E+3	9.8630148E+3
3.9615720E+2	2.2153111E+0	1.4588148E+3	9.9174111E+3
3.9673298E+2	2.1876247E+0	1.4587609E+3	9.8692214E+3
3.9730777E+2	2.1494926E+0	1.4587159E+3	9.8548475E+3
3.9788223E+2	2.1232666E+0	1.4586689E+3	9.8160511E+3
3.9845669E+2	2.1037312E+0	1.4585988E+3	9.9365258E+3
3.9903019E+2	2.0797701E+0	1.4585219E+3	9.8368462E+3
3.9960501E+2	2.0640643E+0	1.4584486E+3	9.8198989E+3
4.0017881E+2	2.0329357E+0	1.4583710E+3	9.8589124E+3
4.0075503E+2	2.0161868E+0	1.4583053E+3	9.8925918E+3
4.0132921E+2	1.9905121E+0	1.4582421E+3	9.9266055E+3
4.0190415E+2	1.9685925E+0	1.4581758E+3	9.9032244E+3
4.0247880E+2	1.9495339E+0	1.4581019E+3	9.8894507E+3
4.0305556E+2	1.9236804E+0	1.4580149E+3	9.8016510E+3
4.0363060E+2	1.9113572E+0	1.4579304E+3	9.8599707E+3
4.0420609E+2	1.8862040E+0	1.4578597E+3	9.8958275E+3
4.0478017E+2	1.8755050E+0	1.4577852E+3	9.8780765E+3
4.0535586E+2	1.8602611E+0	1.4577108E+3	9.9262312E+3
4.0592886E+2	1.8472226E+0	1.4576457E+3	9.9666660E+3
4.0650505E+2	1.8411876E+0	1.4575875E+3	9.9184037E+3
4.0707861E+2	1.8243344E+0	1.4575480E+3	9.8773912E+3
4.0765343E+2	1.8224419E+0	1.4575099E+3	9.9673789E+3
4.0822673E+2	1.8061550E+0	1.4574673E+3	9.9822553E+3
4.0879888E+2	1.8016548E+0	1.4574029E+3	1.0019346E+4
4.0937523E+2	1.7897488E+0	1.4573284E+3	1.0013960E+4
4.0994986E+2	1.7805250E+0	1.4572533E+3	9.9567908E+3
4.1052415E+2	1.7757566E+0	1.4571932E+3	1.0017261E+4
4.1109743E+2	1.7595590E+0	1.4571500E+3	1.0016163E+4
4.1167112E+2	1.7558188E+0	1.4570993E+3	9.9744147E+3
4.1224539E+2	1.7376990E+0	1.4570624E+3	9.9744147E+3
4.1281881E+2	1.7321707E+0	1.4570111E+3	1.0019594E+4
4.1339423E+2	1.7178060E+0	1.4569554E+3	1.0077197E+4
4.1396829E+2	1.7037989E+0	1.4568846E+3	1.0100964E+4
4.1454403E+2	1.6957969E+0	1.4568077E+3	1.0026160E+4
4.1511776E+2	1.6771258E+0	1.4567301E+3	1.0047176E+4
4.1569401E+2	1.6734899E+0	1.4566105E+3	1.0025100E+4
4.1626766E+2	1.6554893E+0	1.4565066E+3	1.0028477E+4
4.1684437E+2	1.6507358E+0	1.4564203E+3	1.0029039E+4
4.1741882E+2	1.6397239E+0	1.4563420E+3	1.0013163E+4
4.1799277E+2	1.6283394E+0	1.4562782E+3	9.9754655E+3
4.1856650E+2	1.6232283E+0	1.4562256E+3	9.8524161E+3
4.1913962E+2	1.6065986E+0	1.4561687E+3	9.9004863E+3
4.1971261E+2	1.6032458E+0	1.4560992E+3	9.8773130E+3
4.2028712E+2	1.5866310E+0	1.4560254E+3	9.9199233E+3
4.2086307E+2	1.5810133E+0	1.4559215E+3	1.0077250E+4
4.2143563E+2	1.5698076E+0	1.4558138E+3	1.0024862E+4
4.2200993E+2	1.5586318E+0	1.4557243E+3	9.8790391E+3
4.2258430E+2	1.5535058E+0	1.4556567E+3	9.7404555E+3
4.2315881E+2	1.5377254E+0	1.4556023E+3	9.6403942E+3
4.2373563E+2	1.5357883E+0	1.4555366E+3	9.6509748E+3
4.2430966E+2	1.5208871E+0	1.4554840E+3	9.7076097E+3
4.2488361E+2	1.5164764E+0	1.4554233E+3	9.7047145E+3
4.2545674E+2	1.5068502E+0	1.4553757E+3	9.4249338E+3
4.2603019E+2	1.4969111E+0	1.4553244E+3	9.4048854E+3
4.2660406E+2	1.4941544E+0	1.4552631E+3	9.8638629E+3
4.2717779E+2	1.4798642E+0	1.4551823E+3	9.8872533E+3
4.2775353E+2	1.4801026E+0	1.4550928E+3	9.8048065E+3
4.2832880E+2	1.4671535E+0	1.4549871E+3	9.7892442E+3
4.2890505E+2	1.4640839E+0	1.4549070E+3	9.7708067E+3
4.2947881E+2	1.4571846E+0	1.4548269E+3	9.4952292E+3
4.3005408E+2	1.4481992E+0	1.4547555E+3	9.1105080E+3
4.3062883E+2	1.4473648E+0	1.4546860E+3	8.9465394E+3
4.3120317E+2	1.4351011E+0	1.4546316E+3	8.9190828E+3
4.3177867E+2	1.4365167E+0	1.4545872E+3	9.0486716E+3
4.3235438E+2	1.4257134E+0	1.4545477E+3	9.0218202E+3
4.3292890E+2	1.4238805E+0	1.4544958E+3	9.1270786E+3
4.3350442E+2	1.4196635E+0	1.4544232E+3	9.1638416E+3
4.3407739E+2	1.4116318E+0	1.4543581E+3	9.1533480E+3
4.3465308E+2	1.4137180E+0	1.4542893E+3	9.1799778E+3
4.3522783E+2	1.4024378E+0	1.4542160E+3	9.1393208E+3
4.3580091E+2	1.4054627E+0	1.4541484E+3	9.1081467E+3
4.3637482E+2	1.3956279E+0	1.4540946E+3	9.1105725E+3
4.3694886E+2	1.3944955E+0	1.4540502E+3	9.1103240E+3
4.3752420E+2	1.3902635E+0	1.4540057E+3	9.1258382E+3
4.3809780E+2	1.3821871E+0	1.4539532E+3	9.1418730E+3
4.3867286E+2	1.3841838E+0	1.4538831E+3	9.1321417E+3
4.3924832E+2	1.3728441E+0	1.4538067E+3	9.1533987E+3
4.3982297E+2	1.3757051E+0	1.4537222E+3	9.1307329E+3
4.4039454E+2	1.3667942E+0	1.4536309E+3	9.0521557E+3
4.4096764E+2	1.3640375E+0	1.4535489E+3	9.1209296E+3
4.4154272E+2	1.3571382E+0	1.4534525E+3	9.1047014E+3
4.4211779E+2	1.3426990E+0	1.4533480E+3	9.1186885E+3
4.4269529E+2	1.3394059E+0	1.4532597E+3	9.1236364E+3
4.4326881E+2	1.3234914E+0	1.4531752E+3	9.1474187E+3
4.4384371E+2	1.3258309E+0	1.4530820E+3	9.1694279E+3
4.4441886E+2	1.3160557E+0	1.4529875E+3	9.2399673E+3
4.4499517E+2	1.3114811E+0	1.4528849E+3	9.1930762E+3
4.4556887E+2	1.3079048E+0	1.4527822E+3	9.1815619E+3
4.4614317E+2	1.2992323E+0	1.4526908E+3	9.2531959E+3
4.4671771E+2	1.3040305E+0	1.4525982E+3	9.2290450E+3
4.4729337E+2	1.2983532E+0	1.4525331E+3	9.2715333E+3
4.4786677E+2	1.3062806E+0	1.4524687E+3	9.3455737E+3
4.4844191E+2	1.2986810E+0	1.4523948E+3	9.3724095E+3
4.4901684E+2	1.2976379E+0	1.4523222E+3	9.3550265E+3
4.4959404E+2	1.2958945E+0	1.4522521E+3	9.2422367E+3
4.5016784E+2	1.2871475E+0	1.4521726E+3	9.2713073E+3
4.5074466E+2	1.2912006E+0	1.4520925E+3	9.3088270E+3
4.5131777E+2	1.2867600E+0	1.4519899E+3	9.3659782E+3
4.5189500E+2	1.2903959E+0	1.4518954E+3	9.3865974E+3
4.5246995E+2	1.2854636E+0	1.4518184E+3	9.3455649E+3
4.5304552E+2	1.2813211E+0	1.4517433E+3	9.4140027E+3
4.5362018E+2	1.2834967E+0	1.4516738E+3	9.3292584E+3
4.5419536E+2	1.2755246E+0	1.4516144E+3	9.2968201E+3
4.5477019E+2	1.2861044E+0	1.4515530E+3	9.3441718E+3
4.5534682E+2	1.2839735E+0	1.4514998E+3	9.4280155E+3
4.5592094E+2	1.2918413E+0	1.4514479E+3	9.3918571E+3
4.5649509E+2	1.2917668E+0	1.4513928E+3	9.4452076E+3
4.5706886E+2	1.2915880E+0	1.4513403E+3	9.4650808E+3
4.5764315E+2	1.3007373E+0	1.4512770E+3	9.4778018E+3
4.5821749E+2	1.2983383E+0	1.4512113E+3	9.5289361E+3
4.5879102E+2	1.3096631E+0	1.4511394E+3	9.5507319E+3
4.5936636E+2	1.3105423E+0	1.4510373E+3	9.5424807E+3
4.5993942E+2	1.3209582E+0	1.4509303E+3	9.5396093E+3
4.6051497E+2	1.3254882E+0	1.4508108E+3	9.5419926E+3
4.6108881E+2	1.3284684E+0	1.4507050E+3	9.5495904E+3
4.6166491E+2	1.3365150E+0	1.4506061E+3	9.5506506E+3
4.6224088E+2	1.3300181E+0	1.4505354E+3	9.5287208E+3
4.6281602E+2	1.3360233E+0	1.4504659E+3	9.4994780E+3
4.6339018E+2	1.3279171E+0	1.4503833E+3	9.5321092E+3
4.6396683E+2	1.3284237E+0	1.4503064E+3	9.5849659E+3
4.6454091E+2	1.3245196E+0	1.4502256E+3	9.5770764E+3
4.6511682E+2	1.3168604E+0	1.4501493E+3	9.5494239E+3
4.6569216E+2	1.3180376E+0	1.4500954E+3	9.6087306E+3
4.6626673E+2	1.3062657E+0	1.4500341E+3	9.6696495E+3
4.6684325E+2	1.3079495E+0	1.4499690E+3	9.6737244E+3
4.6741817E+2	1.3011546E+0	1.4498958E+3	9.6481722E+3
4.6799464E+2	1.2976975E+0	1.4498263E+3	9.6175194E+3
4.6856796E+2	1.2931974E+0	1.4497687E+3	9.6414256E+3
4.6914073E+2	1.2826473E+0	1.4497237E+3	9.6606710E+3
4.6971663E+2	1.2822897E+0	1.4496780E+3	9.7585256E+3
4.7028892E+2	1.2668372E+0	1.4496154E+3	9.7453715E+3
4.7086382E+2	1.2681485E+0	1.4495603E+3	9.7315659E+3
4.7143862E+2	1.2608171E+0	1.4494959E+3	9.7923759E+3
4.7201517E+2	1.2594462E+0	1.4494383E+3	9.8307411E+3
4.7258925E+2	1.2600125E+0	1.4493588E+3	9.7952836E+3
4.7316477E+2	1.2549461E+0	1.4493019E+3	9.8801099E+3
4.7373884E+2	1.2617559E+0	1.4492549E+3	9.8900653E+3
4.7431437E+2	1.2542010E+0	1.4492117E+3	9.9471896E+3
4.7488878E+2	1.2592972E+0	1.4491560E+3	9.9937640E+3
4.7546539E+2	1.2544990E+0	1.4490716E+3	1.0016633E+4
4.7603887E+2	1.2521446E+0	1.4489896E+3	1.0012891E+4
4.7661564E+2	1.2532473E+0	1.4489132E+3	9.9654913E+3
4.7719024E+2	1.2452752E+0	1.4488381E+3	1.0048849E+4
4.7776651E+2	1.2502522E+0	1.4487661E+3	1.0047401E+4
4.7834032E+2	1.2417436E+0	1.4487054E+3	1.0078903E+4
4.7891510E+2	1.2452305E+0	1.4486259E+3	1.0029317E+4
4.7948881E+2	1.2408645E+0	1.4485308E+3	1.0086487E+4
4.8006491E+2	1.2367368E+0	1.4484419E+3	1.0057596E+4
4.8063981E+2	1.2391508E+0	1.4483694E+3	1.0021994E+4
4.8121627E+2	1.2302995E+0	1.4482911E+3	1.0096804E+4
4.8179007E+2	1.2353808E+0	1.4482091E+3	1.0127293E+4
4.8236464E+2	1.2264252E+0	1.4481297E+3	1.0105862E+4
4.8293885E+2	1.2288988E+0	1.4480627E+3	1.0116357E+4
4.8351341E+2	1.2252481E+0	1.4479813E+3	1.0032035E+4
4.8408682E+2	1.2216271E+0	1.4479037E+3	1.0058606E+4
4.8465993E+2	1.2242646E+0	1.4478418E+3	9.9771772E+3
4.8523546E+2	1.2162179E+0	1.4477836E+3	1.0101297E+4
4.8581215E+2	1.2217016E+0	1.4477091E+3	1.0091637E+4
4.8638875E+2	1.2145490E+0	1.4476252E+3	1.0071909E+4
4.8696413E+2	1.2168438E+0	1.4475320E+3	1.0066471E+4
4.8753661E+2	1.2148023E+0	1.4474406E+3	1.0110810E+4
4.8811074E+2	1.2111068E+0	1.4473755E+3	1.0171191E+4
4.8868561E+2	1.2148470E+0	1.4473092E+3	1.0146524E+4
4.8925878E+2	1.2076349E+0	1.4472416E+3	1.0158347E+4
4.8983530E+2	1.2138785E+0	1.4471640E+3	1.0177068E+4
4.9040919E+2	1.2076796E+0	1.4470895E+3	1.0197953E+4
4.9098565E+2	1.2105704E+0	1.4470063E+3	1.0192267E+4
4.9156124E+2	1.2101085E+0	1.4469205E+3	1.0152944E+4
4.9213586E+2	1.2063236E+0	1.4468517E+3	1.0168291E+4
4.9270791E+2	1.2116880E+0	1.4468003E+3	1.0187563E+4
4.9328382E+2	1.2035073E+0	1.4467553E+3	1.0240760E+4
4.9385640E+2	1.2101234E+0	1.4467127E+3	1.0000219E+3
4.9443088E+2	1.2099446E+0	1.4466589E+3	4.1746306E+2
4.9503705E+2	1.2162478E+0	1.4465650E+3	1.0500000E+4
4.9574378E+2	1.2235791E+0	1.4464111E+3	1.3776021E+3
4.9665881E+2	1.2237132E+0	1.4463378E+3	1.1580569E+3
4.9723386E+2	1.2323857E+0	1.4462721E+3	1.1578466E+3
4.9780887E+2	1.2347401E+0	1.4462271E+3	1.3847794E+3
4.9838285E+2	1.2333096E+0	1.4461908E+3	1.5161450E+3
4.9895768E+2	1.2390614E+0	1.4461288E+3	1.1491792E+3
4.9953329E+2	1.2319685E+0	1.4460662E+3	1.1509672E+3
5.0010749E+2	1.2391061E+0	1.4459849E+3	1.1509647E+3
5.0068413E+2	1.2330116E+0	1.4459048E+3	1.1491855E+3
5.0125887E+2	1.2360812E+0	1.4458290E+3	1.1489614E+3
5.0183574E+2	1.2375564E+0	1.4457558E+3	1.1487555E+3
5.0241025E+2	1.2350381E+0	1.4456820E+3	1.1485640E+3
5.0298446E+2	1.2418628E+0	1.4456137E+3	1.1483737E+3
5.0355889E+2	1.2346805E+0	1.4455405E+3	1.1481941E+3
5.0413397E+2	1.2401939E+0	1.4454710E+3	1.1480032E+3
5.0470778E+2	1.2338162E+0	1.4453978E+3	1.1478142E+3
5.0528304E+2	1.2342633E+0	1.4453221E+3	1.1476308E+3
5.0585791E+2	1.2335033E+0	1.4452426E+3	1.1474525E+3
5.0643026E+2	1.2267233E+0	1.4451600E+3	1.1472672E+3
5.0700431E+2	1.2298823E+0	1.4450937E+3	1.1470945E+3
5.0757721E+2	1.2199730E+0	1.4450211E+3	1.1469080E+3
5.0815114E+2	1.2241603E+0	1.4449303E+3	1.1467309E+3
5.0872641E+2	1.2178571E+0	1.4448477E+3	1.1465463E+3
5.0930086E+2	1.2175591E+0	1.4447576E+3	1.1463685E+3
5.0987521E+2	1.2162776E+0	1.4446781E+3	1.1461945E+3
5.1044884E+2	1.2095422E+0	1.4446030E+3	1.1460105E+3
5.1102433E+2	1.2124778E+0	1.4445329E+3	1.1458328E+3
5.1159886E+2	1.2031943E+0	1.4444634E+3	1.1456601E+3
5.1217485E+2	1.2082160E+0	1.4443896E+3	1.1454767E+3
5.1274876E+2	1.2022109E+0	1.4443020E+3	1.1453014E+3
5.1332370E+2	1.2024642E+0	1.4442206E+3	1.1451206E+3
5.1389758E+2	1.2000949E+0	1.4441687E+3	1.1449435E+3
5.1447298E+2	1.1898727E+0	1.4441142E+3	1.1447663E+3
5.1504677E+2	1.1907966E+0	1.4440529E+3	1.1445886E+3
5.1562163E+2	1.1767597E+0	1.4439953E+3	1.1444027E+3
5.1619626E+2	1.1742563E+0	1.4439108E+3	1.1442156E+3
5.1676881E+2	1.1612476E+0	1.4438345E+3	1.1440272E+3
5.1734396E+2	1.1560173E+0	1.4437581E+3	1.1438313E+3
5.1791769E+2	1.1515320E+0	1.4436836E+3	1.1436404E+3
5.1849422E+2	1.1393429E+0	1.4436098E+3	1.1434402E+3
5.1907019E+2	1.1406691E+0	1.4435497E+3	1.1432349E+3
5.1964440E+2	1.1276305E+0	1.4435059E+3	1.1430240E+3
5.2021887E+2	1.1264981E+0	1.4434708E+3	1.1427999E+3
5.2079305E+2	1.1175872E+0	1.4434220E+3	1.1425828E+3
5.2136763E+2	1.1156351E+0	1.4433626E+3	1.1423656E+3
5.2194422E+2	1.1187942E+0	1.4432643E+3	1.1421490E+3
5.2252168E+2	1.1105091E+0	1.4431617E+3	1.1419331E+3
5.2309667E+2	1.1177064E+0	1.4430822E+3	1.1417397E+3
5.2367252E+2	1.1132807E+0	1.4430096E+3	1.1415376E+3
5.2424588E+2	1.1168272E+0	1.4429276E+3	1.1413480E+3
5.2482039E+2	1.1129082E+0	1.4428519E+3	1.1411539E+3
5.2539487E+2	1.1135638E+0	1.4427580E+3	1.1409643E+3
5.2596843E+2	1.1182279E+0	1.4426541E+3	1.1407784E+3
5.2654406E+2	1.1112393E+0	1.4425477E+3	1.1405913E+3
5.2711774E+2	1.1172891E+0	1.4424494E+3	1.1404067E+3
5.2769403E+2	1.1104346E+0	1.4423844E+3	1.1402308E+3
5.2826824E+2	1.1164994E+0	1.4423330E+3	1.1400499E+3
5.2884066E+2	1.1157692E+0	1.4422705E+3	1.1398803E+3
5.2941505E+2	1.1153669E+0	1.4422173E+3	1.1396976E+3
5.2999092E+2	1.1210293E+0	1.4421678E+3	1.1395267E+3
5.3056577E+2	1.1175276E+0	1.4421077E+3	1.1393628E+3
5.3114125E+2	1.1267216E+0	1.4420401E+3	1.1391950E+3
5.3171496E+2	1.1214317E+0	1.4419682E+3	1.1390329E+3
5.3229096E+2	1.1253358E+0	1.4418918E+3	1.1388702E+3
5.3286596E+2	1.1242480E+0	1.4418205E+3	1.1387062E+3
5.3343874E+2	1.1215658E+0	1.4417466E+3	1.1385423E+3
5.3401405E+2	1.1277497E+0	1.4416909E+3	1.1383808E+3
5.3458876E+2	1.1240841E+0	1.4416459E+3	1.1382218E+3
5.3516541E+2	1.1326671E+0	1.4415895E+3	1.1380572E+3
5.3573963E+2	1.1253060E+0	1.4415201E+3	1.1378933E+3
5.3631582E+2	1.1257977E+0	1.4414500E+3	1.1377331E+3
5.3689019E+2	1.1243076E+0	1.4413830E+3	1.1375753E+3
5.3746508E+2	1.1183173E+0	1.4413154E+3	1.1374170E+3
5.3803886E+2	1.1229367E+0	1.4412453E+3	1.1372574E+3
5.3861473E+2	1.1135340E+0	1.4411846E+3	1.1370978E+3
5.3918881E+2	1.1184216E+0	1.4411370E+3	1.1369401E+3
5.3976444E+2	1.1152179E+0	1.4410907E+3	1.1367868E+3
5.4033941E+2	1.1181832E+0	1.4410432E+3	1.1366316E+3
5.4091552E+2	1.1202247E+0	1.4409731E+3	1.1364807E+3
5.4148877E+2	1.1176319E+0	1.4408823E+3	1.1363318E+3
5.4206432E+2	1.1210889E+0	1.4407903E+3	1.1361853E+3
5.4263778E+2	1.1194200E+0	1.4407102E+3	1.1360389E+3
5.4321469E+2	1.1236370E+0	1.4406420E+3	1.1358962E+3
5.4378881E+2	1.1192412E+0	1.4405825E+3	1.1357472E+3
5.4436439E+2	1.1178554E+0	1.4405281E+3	1.1356008E+3
5.4493847E+2	1.1161417E+0	1.4404761E+3	1.1354525E+3
5.4551439E+2	1.1111946E+0	1.4404161E+3	1.1353060E+3
5.4608875E+2	1.1112840E+0	1.4403391E+3	1.1351583E+3
5.4666506E+2	1.1046678E+0	1.4402296E+3	1.1350156E+3
5.4724087E+2	1.1041761E+0	1.4401125E+3	1.1348648E+3
5.4781421E+2	1.0991097E+0	1.4400124E+3	1.1347146E+3
5.4838877E+2	1.0963381E+0	1.4399373E+3	1.1345556E+3
5.4896497E+2	1.0943115E+0	1.4398741E+3	1.1343992E+3
5.4953873E+2	1.0873229E+0	1.4398171E+3	1.1342358E+3
5.5011462E+2	1.0881872E+0	1.4397545E+3	1.1340725E+3
5.5069026E+2	1.0808558E+0	1.4396751E+3	1.1339160E+3
5.5126670E+2	1.0808558E+0	1.4395981E+3	1.1337652E+3
5.5184097E+2	1.0779650E+0	1.4395192E+3	1.1336081E+3
5.5241683E+2	1.0761917E+0	1.4394479E+3	1.1334560E+3
5.5299016E+2	1.0766984E+0	1.4393809E+3	1.1333058E+3
5.5356427E+2	1.0721088E+0	1.4393052E+3	1.1331500E+3
5.5413881E+2	1.0742695E+0	1.4392244E+3	1.1330054E+3
5.5471370E+2	1.0721535E+0	1.4391425E+3	1.1328608E+3
5.5528887E+2	1.0743291E+0	1.4390567E+3	1.1327112E+3
5.5586283E+2	1.0741652E+0	1.4389747E+3	1.1325679E+3
5.5643880E+2	1.0740460E+0	1.4388890E+3	1.1324277E+3
5.5701417E+2	1.0783673E+0	1.4387964E+3	1.1322825E+3
5.5758671E+2	1.0765196E+0	1.4387081E+3	1.1321442E+3
5.5816092E+2	1.0810644E+0	1.4386293E+3	1.1320065E+3
5.5873647E+2	1.0788888E+0	1.4385617E+3	1.1318651E+3
5.5931015E+2	1.0803939E+0	1.4384916E+3	1.1317255E+3
5.5988476E+2	1.0795743E+0	1.4384040E+3	1.1315910E+3
5.6045874E+2	1.0792614E+0	1.4382969E+3	1.1314520E+3
5.6103387E+2	1.0818393E+0	1.4381843E+3	1.1313219E+3
5.6160665E+2	1.0804237E+0	1.4380942E+3	1.1311879E+3
5.6218144E+2	1.0847301E+0	1.4380159E+3	1.1310615E+3
5.6275683E+2	1.0819138E+0	1.4379352E+3	1.1309288E+3
5.6332979E+2	1.0835976E+0	1.4378707E+3	1.1308024E+3
5.6390595E+2	1.0827035E+0	1.4378044E+3	1.1306772E+3
5.6447879E+2	1.0824502E+0	1.4377487E+3	1.1305583E+3
5.6505543E+2	1.0849089E+0	1.4376767E+3	1.1304338E+3
5.6563013E+2	1.0815561E+0	1.4376091E+3	1.1303092E+3
5.6620470E+2	1.0844172E+0	1.4375240E+3	1.1301922E+3
5.6677888E+2	1.0806621E+0	1.4374445E+3	1.1300783E+3
5.6735491E+2	1.0813326E+0	1.4373694E+3	1.1299613E+3
5.6792781E+2	1.0787249E+0	1.4372925E+3	1.1298436E+3
5.6850082E+2	1.0760725E+0	1.4372123E+3	1.1297266E+3
5.6907657E+2	1.0766537E+0	1.4371341E+3	1.1296089E+3
5.6964872E+2	1.0723472E+0	1.4370546E+3	1.1294931E+3
5.7022493E+2	1.0743738E+0	1.4369927E+3	1.1293705E+3
5.7079735E+2	1.0706187E+0	1.4369301E+3	1.1292553E+3
5.7137265E+2	1.0728390E+0	1.4368475E+3	1.1291351E+3
5.7194777E+2	1.0716171E+0	1.4367724E+3	1.1290144E+3
5.7252133E+2	1.0697544E+0	1.4367035E+3	1.1289004E+3
5.7309674E+2	1.0718555E+0	1.4366372E+3	1.1287859E+3
5.7366973E+2	1.0683686E+0	1.4365734E+3	1.1286720E+3
5.7424505E+2	1.0717959E+0	1.4365164E+3	1.1285644E+3
5.7481883E+2	1.0686964E+0	1.4364732E+3	1.1284492E+3
5.7539544E+2	1.0701717E+0	1.4364263E+3	1.1283384E+3
5.7597081E+2	1.0696352E+0	1.4363768E+3	1.1282314E+3
5.7654433E+2	1.0683537E+0	1.4363243E+3	1.1281194E+3
5.7711677E+2	1.0690988E+0	1.4362611E+3	1.1280124E+3
5.7769267E+2	1.0654927E+0	1.4361872E+3	1.1279097E+3
5.7826677E+2	1.0676236E+0	1.4361127E+3	1.1278052E+3
5.7884020E+2	1.0631085E+0	1.4360445E+3	1.1276963E+3
5.7941342E+2	1.0632128E+0	1.4359800E+3	1.1275930E+3
5.7998788E+2	1.0607988E+0	1.4359231E+3	1.1274867E+3
5.8056323E+2	1.0591746E+0	1.4358511E+3	1.1273803E+3
5.8113682E+2	1.0598899E+0	1.4357773E+3	1.1272764E+3
5.8171079E+2	1.0567159E+0	1.4356815E+3	1.1271681E+3
5.8228504E+2	1.0604561E+0	1.4355939E+3	1.1270642E+3
5.8286082E+2	1.0581464E+0	1.4355050E+3	1.1269559E+3
5.8343517E+2	1.0610819E+0	1.4354093E+3	1.1268520E+3
5.8400853E+2	1.0606796E+0	1.4353192E+3	1.1267475E+3
5.8458390E+2	1.0604263E+0	1.4352347E+3	1.1266405E+3
5.8515855E+2	1.0621250E+0	1.4351677E+3	1.1265441E+3
5.8573244E+2	1.0593385E+0	1.4351107E+3	1.1264409E+3
5.8630522E+2	1.0626764E+0	1.4350701E+3	1.1263363E+3
5.8687940E+2	1.0594875E+0	1.4350256E+3	1.1262368E+3
5.8745250E+2	1.0630787E+0	1.4349756E+3	1.1261398E+3
5.8802659E+2	1.0613651E+0	1.4349048E+3	1.1260409E+3
5.8860121E+2	1.0638387E+0	1.4348360E+3	1.1259427E+3
5.8917677E+2	1.0639728E+0	1.4347578E+3	1.1258382E+3
5.8975110E+2	1.0635555E+0	1.4346783E+3	1.1257449E+3
5.9032603E+2	1.0662676E+0	1.4345938E+3	1.1256492E+3
5.9089981E+2	1.0619760E+0	1.4345199E+3	1.1255540E+3
5.9147425E+2	1.0652245E+0	1.4344486E+3	1.1254564E+3
5.9204876E+2	1.0616929E+0	1.4343885E+3	1.1253650E+3
5.9262473E+2	1.0637493E+0	1.4343215E+3	1.1252680E+3
5.9319779E+2	1.0626764E+0	1.4342483E+3	1.1251691E+3
5.9377299E+2	1.0623933E+0	1.4341682E+3	1.1250778E+3
5.9434491E+2	1.0631532E+0	1.4340906E+3	1.1249776E+3
5.9491863E+2	1.0603220E+0	1.4339980E+3	1.1248925E+3
5.9549432E+2	1.0630936E+0	1.4338997E+3	1.1247961E+3
5.9606883E+2	1.0588766E+0	1.4338227E+3	1.1247016E+3
5.9664320E+2	1.0609180E+0	1.4337539E+3	1.1246052E+3
5.9721682E+2	1.0578633E+0	1.4336976E+3	1.1245076E+3
5.9779078E+2	1.0574908E+0	1.4336187E+3	1.1244112E+3
5.9836539E+2	1.0575802E+0	1.4335029E+3	1.1243186E+3
5.9894023E+2	1.0542125E+0	1.4333815E+3	1.1242197E+3
5.9951636E+2	1.0569543E+0	1.4332826E+3	1.1241233E+3
6.0009020E+2	1.0536314E+0	1.4332069E+3	1.1240220E+3
6.0066504E+2	1.0563136E+0	1.4331193E+3	1.1239224E+3
6.0124026E+2	1.0553748E+0	1.4330342E+3	1.1238179E+3
6.0181635E+2	1.0562391E+0	1.4329597E+3	1.1237153E+3
6.0239019E+2	1.0582060E+0	1.4329009E+3	1.1236164E+3
6.0296547E+2	1.0556579E+0	1.4328352E+3	1.1235138E+3
6.0353977E+2	1.0589064E+0	1.4327676E+3	1.1234124E+3
6.0411639E+2	1.0556430E+0	1.4327094E+3	1.1233066E+3
6.0469066E+2	1.0577292E+0	1.4326599E+3	1.1232021E+3
6.0526649E+2	1.0567010E+0	1.4326086E+3	1.1231001E+3
6.0583978E+2	1.0567904E+0	1.4325610E+3	1.1229999E+3
6.0641426E+2	1.0583550E+0	1.4325078E+3	1.1229004E+3
6.0698883E+2	1.0549278E+0	1.4324453E+3	1.1227984E+3
6.0756509E+2	1.0580272E+0	1.4323896E+3	1.1227014E+3
6.0813732E+2	1.0546148E+0	1.4323201E+3	1.1226000E+3
6.0871194E+2	1.0565520E+0	1.4322581E+3	1.1225011E+3
6.0928504E+2	1.0548831E+0	1.4322012E+3	1.1224029E+3
6.0985874E+2	1.0538847E+0	1.4321517E+3	1.1223040E+3
6.1043445E+2	1.0545403E+0	1.4320973E+3	1.1222026E+3
6.1100882E+2	1.0511727E+0	1.4320284E+3	1.1221037E+3
6.1158533E+2	1.0533482E+0	1.4319490E+3	1.1220055E+3
6.1215935E+2	1.0488779E+0	1.4318663E+3	1.1219041E+3
6.1273517E+2	1.0489673E+0	1.4317794E+3	1.1218071E+3
6.1330883E+2	1.0460914E+0	1.4316955E+3	1.1217038E+3
6.1388333E+2	1.0423065E+0	1.4316179E+3	1.1216049E+3
6.1445772E+2	1.0414124E+0	1.4315540E+3	1.1215060E+3
6.1503293E+2	1.0354370E+0	1.4314965E+3	1.1214047E+3
6.1560784E+2	1.0339767E+0	1.4314257E+3	1.1212995E+3
6.1618400E+2	1.0263026E+0	1.4313406E+3	1.1212019E+3
6.1675854E+2	1.0230691E+0	1.4312299E+3	1.1210867E+3
6.1733385E+2	1.0180474E+0	1.4311228E+3	1.1209797E+3
6.1790759E+2	1.0122508E+0	1.4310196E+3	1.1208595E+3
6.1848225E+2	1.0106564E+0	1.4309194E+3	1.1207350E+3
6.1905681E+2	1.0038168E+0	1.4308155E+3	1.1206130E+3
6.1963092E+2	1.0054559E+0	1.4307361E+3	1.1204834E+3
6.2020541E+2	9.9985307E-1	1.4306810E+3	1.1203526E+3
6.2077985E+2	9.9888450E-1	1.4306322E+3	1.1202293E+3
6.2135368E+2	9.9803513E-1	1.4305809E+3	1.1201029E+3
6.2192888E+2	9.9478668E-1	1.4305026E+3	1.1199790E+3
6.2250517E+2	9.9538273E-1	1.4304062E+3	1.1198551E+3
6.2307928E+2	9.9068886E-1	1.4303105E+3	1.1197368E+3
6.2365389E+2	9.9220878E-1	1.4302179E+3	1.1196179E+3
6.2422628E+2	9.8766392E-1	1.4301453E+3	1.1194983E+3
6.2480069E+2	9.8809606E-1	1.4300733E+3	1.1193738E+3
6.2537614E+2	9.8741060E-1	1.4300051E+3	1.1192524E+3
6.2594869E+2	9.8602480E-1	1.4299287E+3	1.1191297E+3
6.2652308E+2	9.8901993E-1	1.4298524E+3	1.1190145E+3
6.2709772E+2	9.8583108E-1	1.4297654E+3	1.1188937E+3
6.2767448E+2	9.8817056E-1	1.4296740E+3	1.1187773E+3
6.2824778E+2	9.8513073E-1	1.4295926E+3	1.1186653E+3
6.2882411E+2	9.8739570E-1	1.4295081E+3	1.1185489E+3
6.2939667E+2	9.8848349E-1	1.4294155E+3	1.1184431E+3
6.2997270E+2	9.8989910E-1	1.4293310E+3	1.1183349E+3
6.3054635E+2	9.9363929E-1	1.4292459E+3	1.1182285E+3
6.3112075E+2	9.9082297E-1	1.4291858E+3	1.1181327E+3
6.3169682E+2	9.9442905E-1	1.4291301E+3	1.1180395E+3
6.3227088E+2	9.9147862E-1	1.4290763E+3	1.1179475E+3
6.3284601E+2	9.9210447E-1	1.4290162E+3	1.1178542E+3
6.3341881E+2	9.9167234E-1	1.4289555E+3	1.1177685E+3
6.3399332E+2	9.9036103E-1	1.4288854E+3	1.1176771E+3
6.3456686E+2	9.9267071E-1	1.4288078E+3	1.1175914E+3
6.3514079E+2	9.8897523E-1	1.4287308E+3	1.1175025E+3
6.3571514E+2	9.9243230E-1	1.4286601E+3	1.1174167E+3
6.3629094E+2	9.9171704E-1	1.4285844E+3	1.1173310E+3
6.3686606E+2	9.9460787E-1	1.4285124E+3	1.1172384E+3
6.3744138E+2	9.9468237E-1	1.4284455E+3	1.1171564E+3
6.3801670E+2	9.9290913E-1	1.4283891E+3	1.1170688E+3
6.3859091E+2	9.9594897E-1	1.4283328E+3	1.1169774E+3
6.3916504E+2	9.9347538E-1	1.4282765E+3	1.1168960E+3
6.3973931E+2	9.9748379E-1	1.4282220E+3	1.1168159E+3
6.4031479E+2	9.9577016E-1	1.4281644E+3	1.1167283E+3
6.4088885E+2	9.9828845E-1	1.4280900E+3	1.1166482E+3
6.4146299E+2	1.0007769E+0	1.4279961E+3	1.1165643E+3
6.4203771E+2	1.0014624E+0	1.4278828E+3	1.1164792E+3
6.4261395E+2	1.0055155E+0	1.4277727E+3	1.1164016E+3
6.4318886E+2	1.0038913E+0	1.4276850E+3	1.1163159E+3
6.4376274E+2	1.0087193E+0	1.4276200E+3	1.1162326E+3
6.4433681E+2	1.0080785E+0	1.4275630E+3	1.1161519E+3
6.4492243E+2	1.0100306E+0	1.4274879E+3	1.1160730E+3
6.4549665E+2	1.0115803E+0	1.4273947E+3	1.1159904E+3
6.4607081E+2	1.0102839E+0	1.4273145E+3	1.1159103E+3
6.4664649E+2	1.0139198E+0	1.4272369E+3	1.1158277E+3
6.4721855E+2	1.0098220E+0	1.4271518E+3	1.1157464E+3
6.4779283E+2	1.0133833E+0	1.4270680E+3	1.1156756E+3
6.4836827E+2	1.0086597E+0	1.4269885E+3	1.1155968E+3
6.4894420E+2	1.0101349E+0	1.4269115E+3	1.1155217E+3
6.4951870E+2	1.0075719E+0	1.4268295E+3	1.1154441E+3
6.5009290E+2	1.0061265E+0	1.4267469E+3	1.1153671E+3
6.5066682E+2	1.0067821E+0	1.4266580E+3	1.1152939E+3
6.5124120E+2	1.0025353E+0	1.4265529E+3	1.1152206E+3
6.5181636E+2	1.0043830E+0	1.4264634E+3	1.1151399E+3
6.5238988E+2	9.9980837E-1	1.4263895E+3	1.1150711E+3
6.5296624E+2	1.0011346E+0	1.4263213E+3	1.1149935E+3
6.5354015E+2	9.9846727E-1	1.4262606E+3	1.1149146E+3
6.5411501E+2	9.9746889E-1	1.4262024E+3	1.1148414E+3
6.5468777E+2	9.9822885E-1	1.4261367E+3	1.1147657E+3
6.5526274E+2	9.9517411E-1	1.4260729E+3	1.1146987E+3
6.5583623E+2	9.9796063E-1	1.4260097E+3	1.1146217E+3
6.5641175E+2	9.9457806E-1	1.4259496E+3	1.1145416E+3
6.5698668E+2	9.9743909E-1	1.4258970E+3	1.1144703E+3
6.5756084E+2	9.9727517E-1	1.4258269E+3	1.1143977E+3
6.5813541E+2	9.9876529E-1	1.4257562E+3	1.1143257E+3
6.5871145E+2	1.0026992E+0	1.4256805E+3	1.1142543E+3
6.5928644E+2	1.0024012E+0	1.4256072E+3	1.1141842E+3
6.5985877E+2	1.0084957E+0	1.4255478E+3	1.1141110E+3
6.6043544E+2	1.0082871E+0	1.4254827E+3	1.1140422E+3
6.6100876E+2	1.0121763E+0	1.4254138E+3	1.1139746E+3
6.6158296E+2	1.0128916E+0	1.4253425E+3	1.1139051E+3
6.6215884E+2	1.0149032E+0	1.4252599E+3	1.1138338E+3
6.6273594E+2	1.0165722E+0	1.4251716E+3	1.1137706E+3
6.6330886E+2	1.0113121E+0	1.4250953E+3	1.1137017E+3
6.6388543E+2	1.0137112E+0	1.4250133E+3	1.1136341E+3
6.6445992E+2	1.0088236E+0	1.4249188E+3	1.1135678E+3
6.6503415E+2	1.0094345E+0	1.4248280E+3	1.1134977E+3
6.6560929E+2	1.0083169E+0	1.4247473E+3	1.1134320E+3
6.6618280E+2	1.0066778E+0	1.4246728E+3	1.1133612E+3
6.6675666E+2	1.0076464E+0	1.4246115E+3	1.1132912E+3
6.6733211E+2	1.0031909E+0	1.4245508E+3	1.1132261E+3
6.6790674E+2	1.0049344E+0	1.4244776E+3	1.1131647E+3
6.6848226E+2	1.0002554E+0	1.4244037E+3	1.1130965E+3
6.6905578E+2	1.0009111E+0	1.4243080E+3	1.1130371E+3
6.6963127E+2	9.9885470E-1	1.4241997E+3	1.1129732E+3
6.7020485E+2	9.9666423E-1	1.4240989E+3	1.1129025E+3
6.7077895E+2	9.9824375E-1	1.4240157E+3	1.1128368E+3
6.7135452E+2	9.9454826E-1	1.4239512E+3	1.1127736E+3
6.7192977E+2	9.9727517E-1	1.4238993E+3	1.1127079E+3
6.7250533E+2	9.9347538E-1	1.4238530E+3	1.1126421E+3
6.7307887E+2	9.9457806E-1	1.4238104E+3	1.1125758E+3
6.7365305E+2	9.9410123E-1	1.4237553E+3	1.1125138E+3
6.7422703E+2	9.9217898E-1	1.4236884E+3	1.1124469E+3
6.7480059E+2	9.9356478E-1	1.4236152E+3	1.1123793E+3
6.7537574E+2	9.9012262E-1	1.4235457E+3	1.1123192E+3
6.7594886E+2	9.9259621E-1	1.4234737E+3	1.1122522E+3
6.7652522E+2	9.8912424E-1	1.4234143E+3	1.1121947E+3
6.7709781E+2	9.9052495E-1	1.4233442E+3	1.1121371E+3
6.7767295E+2	9.9028653E-1	1.4232684E+3	1.1120770E+3
6.7824781E+2	9.8912424E-1	1.4231846E+3	1.1120213E+3
6.7882192E+2	9.9182135E-1	1.4230813E+3	1.1119644E+3
6.7939664E+2	9.8896033E-1	1.4229818E+3	1.1119093E+3
6.7996939E+2	9.9264091E-1	1.4228917E+3	1.1118567E+3
6.8054395E+2	9.9059945E-1	1.4228184E+3	1.1118085E+3
6.8111876E+2	9.9255151E-1	1.4227659E+3	1.1117503E+3
6.8169293E+2	9.9302834E-1	1.4227152E+3	1.1117002E+3
6.8226720E+2	9.9125510E-1	1.4226532E+3	1.1116445E+3
6.8284412E+2	9.9320716E-1	1.4225975E+3	1.1115920E+3
6.8341881E+2	9.8954147E-1	1.4225199E+3	1.1115375E+3
6.8399278E+2	9.9228328E-1	1.4224423E+3	1.1114831E+3
6.8456747E+2	9.8854309E-1	1.4223597E+3	1.1114293E+3
6.8514292E+2	9.8896033E-1	1.4222758E+3	1.1113786E+3
6.8571778E+2	9.8761922E-1	1.4221964E+3	1.1113310E+3
6.8629118E+2	9.8590559E-1	1.4221050E+3	1.1112728E+3
6.8686633E+2	9.8702317E-1	1.4220124E+3	1.1112183E+3
6.8744060E+2	9.8307437E-1	1.4219310E+3	1.1111626E+3
6.8801677E+2	9.8581618E-1	1.4218622E+3	1.1111076E+3
6.8858886E+2	9.8307437E-1	1.4218027E+3	1.1110481E+3
6.8916546E+2	9.8383433E-1	1.4217476E+3	1.1109980E+3
6.8973946E+2	9.8386413E-1	1.4216819E+3	1.1109392E+3
6.9031614E+2	9.8212069E-1	1.4216187E+3	1.1108860E+3
6.9088875E+2	9.8507112E-1	1.4215348E+3	1.1108322E+3
6.9146224E+2	9.8191208E-1	1.4214503E+3	1.1107765E+3
6.9203687E+2	9.8487741E-1	1.4213659E+3	1.1107227E+3
6.9261271E+2	9.8307437E-1	1.4212926E+3	1.1106701E+3
6.9318665E+2	9.8533934E-1	1.4212325E+3	1.1106163E+3
6.9376207E+2	9.8711258E-1	1.4211806E+3	1.1105675E+3
6.9433678E+2	9.8630792E-1	1.4211124E+3	1.1105174E+3
6.9491039E+2	9.9033123E-1	1.4210392E+3	1.1104723E+3
6.9548395E+2	9.8742551E-1	1.4209465E+3	1.1104248E+3
6.9605784E+2	9.9110609E-1	1.4208589E+3	1.1103722E+3
6.9663233E+2	9.8903483E-1	1.4207813E+3	1.1103265E+3
6.9720882E+2	9.9012262E-1	1.4207143E+3	1.1102871E+3
6.9778613E+2	9.9183625E-1	1.4206399E+3	1.1102326E+3
6.9835988E+2	9.8992890E-1	1.4205641E+3	1.1101919E+3
6.9893368E+2	9.9232799E-1	1.4205022E+3	1.1101425E+3
6.9950798E+2	9.8966068E-1	1.4204390E+3	1.1100987E+3
7.0008440E+2	9.9225348E-1	1.4203726E+3	1.1100574E+3
7.0065785E+2	9.9095708E-1	1.4202994E+3	1.1100079E+3
7.0123400E+2	9.9040574E-1	1.4202237E+3	1.1099610E+3
7.0180804E+2	9.9243230E-1	1.4201329E+3	1.1099141E+3
7.0238228E+2	9.8973519E-1	1.4200359E+3	1.1098703E+3
7.0295685E+2	9.9331146E-1	1.4199395E+3	1.1098202E+3
7.0353883E+2	9.9040574E-1	1.4198375E+3	1.1097758E+3
7.0411442E+2	9.9319226E-1	1.4197430E+3	1.1097282E+3
7.0468814E+2	9.9281973E-1	1.4196510E+3	1.1096844E+3
7.0526420E+2	9.9253660E-1	1.4195622E+3	1.1096343E+3
7.0583768E+2	9.9477178E-1	1.4194827E+3	1.1095886E+3
7.0641020E+2	9.9240249E-1	1.4194076E+3	1.1095392E+3
7.0698419E+2	9.9565095E-1	1.4193331E+3	1.1094973E+3
7.0755886E+2	9.9264091E-1	1.4192718E+3	1.1094441E+3
7.0813292E+2	9.9532312E-1	1.4192048E+3	1.1094002E+3
7.0870676E+2	9.9408632E-1	1.4191341E+3	1.1093527E+3
7.0928050E+2	9.9359459E-1	1.4190702E+3	1.1093076E+3
7.0985559E+2	9.9550194E-1	1.4190014E+3	1.1092569E+3
7.1042857E+2	9.9238759E-1	1.4189501E+3	1.1092106E+3
7.1100379E+2	9.9484628E-1	1.4189025E+3	1.1091649E+3
7.1157755E+2	9.9097198E-1	1.4188650E+3	1.1091186E+3
7.1215334E+2	9.9235779E-1	1.4188230E+3	1.1090667E+3
7.1272987E+2	9.9153823E-1	1.4187680E+3	1.1090254E+3
7.1330520E+2	9.9025673E-1	1.4187041E+3	1.1089728E+3
7.1387881E+2	9.9222368E-1	1.4186353E+3	1.1089252E+3
7.1445415E+2	9.9001831E-1	1.4185595E+3	1.1088858E+3
7.1502676E+2	9.9377340E-1	1.4184807E+3	1.1088351E+3
7.1560033E+2	9.9146372E-1	1.4183975E+3	1.1087888E+3
7.1617363E+2	9.9538273E-1	1.4183305E+3	1.1087462E+3
7.1674634E+2	9.9505490E-1	1.4182641E+3	1.1086993E+3
7.1732070E+2	9.9562114E-1	1.4181872E+3	1.1086567E+3
7.1789651E+2	9.9863118E-1	1.4181240E+3	1.1086098E+3
7.1847019E+2	9.9696225E-1	1.4180507E+3	1.1085654E+3
7.1904430E+2	1.0012538E+0	1.4179744E+3	1.1085234E+3
7.1961986E+2	9.9837786E-1	1.4179068E+3	1.1084765E+3
7.2019434E+2	9.9958485E-1	1.4178417E+3	1.1084314E+3
7.2076777E+2	9.9767750E-1	1.4177829E+3	1.1083908E+3
7.2134195E+2	9.9582976E-1	1.4177253E+3	1.1083451E+3
7.2191677E+2	9.9341577E-1	1.4176458E+3	1.1083038E+3
7.2249117E+2	9.9045044E-1	1.4175494E+3	1.1082618E+3
7.2306783E+2	9.8711258E-1	1.4174549E+3	1.1082199E+3
7.2364151E+2	9.8517543E-1	1.4173729E+3	1.1081680E+3
7.2421683E+2	9.8250812E-1	1.4172922E+3	1.1081191E+3
7.2479108E+2	9.8012394E-1	1.4172090E+3	1.1080684E+3
7.2536478E+2	9.7827619E-1	1.4171126E+3	1.1080165E+3
7.2593888E+2	9.7694999E-1	1.4170150E+3	1.1079564E+3
7.2651414E+2	9.7581750E-1	1.4169098E+3	1.1078982E+3
7.2708859E+2	9.7504264E-1	1.4167990E+3	1.1078363E+3
7.2766230E+2	9.7531086E-1	1.4166839E+3	1.1077793E+3
7.2823788E+2	9.7586220E-1	1.4165737E+3	1.1077173E+3
7.2881325E+2	9.7584730E-1	1.4164573E+3	1.1076604E+3
7.2938677E+2	9.7617513E-1	1.4163472E+3	1.1075991E+3
7.2996018E+2	9.7513205E-1	1.4162383E+3	1.1075421E+3
7.3053491E+2	9.7461051E-1	1.4161356E+3	1.1074852E+3
7.3110985E+2	9.7520655E-1	1.4160286E+3	1.1074288E+3
7.3168375E+2	9.7613042E-1	1.4159228E+3	1.1073763E+3
7.3225783E+2	9.7624963E-1	1.4158177E+3	1.1073212E+3
7.3283409E+2	9.7644335E-1	1.4157088E+3	1.1072661E+3
7.3340811E+2	9.7747153E-1	1.4155980E+3	1.1072204E+3
7.3398392E+2	9.7870833E-1	1.4154854E+3	1.1071653E+3
7.3455982E+2	9.7844010E-1	1.4153727E+3	1.1071140E+3
7.3513402E+2	9.7833580E-1	1.4152526E+3	1.1070671E+3
7.3570884E+2	9.7876793E-1	1.4151355E+3	1.1070170E+3
7.3628449E+2	9.7934908E-1	1.4150166E+3	1.1069688E+3
7.3685883E+2	9.7914046E-1	1.4149015E+3	1.1069225E+3
7.3743417E+2	9.7924477E-1	1.4147838E+3	1.1068756E+3
7.3800871E+2	9.7787386E-1	1.4146680E+3	1.1068305E+3
7.3858497E+2	9.7851461E-1	1.4145497E+3	1.1067798E+3
7.3915778E+2	9.7875303E-1	1.4144314E+3	1.1067404E+3
7.3973225E+2	9.7876793E-1	1.4143094E+3	1.1066941E+3
7.4030700E+2	9.7866362E-1	1.4141886E+3	1.1066471E+3
7.4088390E+2	9.7896165E-1	1.4140660E+3	1.1066090E+3
7.4145683E+2	9.7855931E-1	1.4139408E+3	1.1065633E+3
7.4202881E+2	9.7876793E-1	1.4138194E+3	1.1065220E+3
7.4260240E+2	9.7875303E-1	1.4136836E+3	1.1064800E+3
7.4317443E+2	9.7814208E-1	1.4135546E+3	1.1064318E+3
7.4374852E+2	9.7797817E-1	1.4134182E+3	1.1063899E+3
7.4432442E+2	9.7730762E-1	1.4132805E+3	1.1063536E+3
7.4489884E+2	9.7690528E-1	1.4131416E+3	1.1063073E+3
7.4547415E+2	9.7547477E-1	1.4130020E+3	1.1062704E+3
7.4604849E+2	9.7572809E-1	1.4128618E+3	1.1062284E+3
7.4662117E+2	9.7531086E-1	1.4127185E+3	1.1061884E+3
7.4719615E+2	9.7535556E-1	1.4125777E+3	1.1061490E+3
7.4777179E+2	9.7496813E-1	1.4124400E+3	1.1061083E+3
7.4834677E+2	9.7471481E-1	1.4122904E+3	1.1060726E+3
7.4892096E+2	9.7449130E-1	1.4121371E+3	1.1060307E+3
7.4949693E+2	9.7462541E-1	1.4119806E+3	1.1059931E+3
7.5007323E+2	9.7486383E-1	1.4118198E+3	1.1059531E+3
7.5064666E+2	9.7593671E-1	1.4116627E+3	1.1059143E+3
7.5122093E+2	9.7675627E-1	1.4114925E+3	1.1058742E+3
7.5179633E+2	9.7873813E-1	1.4113335E+3	1.1058335E+3
7.5236886E+2	9.7966200E-1	1.4111714E+3	1.1057954E+3
7.5294485E+2	9.7957259E-1	1.4110143E+3	1.1057566E+3
7.5351806E+2	9.7998983E-1	1.4108604E+3	1.1057184E+3
7.5409454E+2	9.7960240E-1	1.4107070E+3	1.1056802E+3
7.5466677E+2	9.7949809E-1	1.4105650E+3	1.1056420E+3
7.5524213E+2	9.7911066E-1	1.4104291E+3	1.1056045E+3
7.5581671E+2	9.7832090E-1	1.4102996E+3	1.1055644E+3
7.5639301E+2	9.7793347E-1	1.4101757E+3	1.1055200E+3
7.5696773E+2	9.7718841E-1	1.4100518E+3	1.1054881E+3
7.5753972E+2	9.7619003E-1	1.4099241E+3	1.1054480E+3
7.5811522E+2	9.7708410E-1	1.4098014E+3	1.1054111E+3
7.5869025E+2	9.7765034E-1	1.4096756E+3	1.1053667E+3
7.5926574E+2	9.7945338E-1	1.4095573E+3	1.1053347E+3
7.5983972E+2	9.8080939E-1	1.4094416E+3	1.1052959E+3
7.6041464E+2	9.8161405E-1	1.4093320E+3	1.1052571E+3
7.6098953E+2	9.8182267E-1	1.4092288E+3	1.1052152E+3
7.6156563E+2	9.8145014E-1	1.4091393E+3	1.1051814E+3
7.6213886E+2	9.8076469E-1	1.4090585E+3	1.1051382E+3
7.6271416E+2	9.8150974E-1	1.4089778E+3	1.1050963E+3
7.6328886E+2	9.8098820E-1	1.4089246E+3	1.1050456E+3
7.6386391E+2	9.8061567E-1	1.4088783E+3	1.1050005E+3
7.6443871E+2	9.8030275E-1	1.4088445E+3	1.1049573E+3
7.6501307E+2	9.8098820E-1	1.4088138E+3	1.1049117E+3
7.6558677E+2	9.7990042E-1	1.4087863E+3	1.1048597E+3
7.6615881E+2	9.7766524E-1	1.4087613E+3	1.1048153E+3
7.6673499E+2	9.7577280E-1	1.4087419E+3	1.1047596E+3
7.6730931E+2	9.7255415E-1	1.4087056E+3	1.1047126E+3
7.6788419E+2	9.7015506E-1	1.4086736E+3	1.1046619E+3
7.6845788E+2	9.6696621E-1	1.4086292E+3	1.1046131E+3
7.6903200E+2	9.6385187E-1	1.4085748E+3	1.1045612E+3
7.6960668E+2	9.6108025E-1	1.4085197E+3	1.1045099E+3
7.7017982E+2	9.5909840E-1	1.4084540E+3	1.1044510E+3
7.7075360E+2	9.5644599E-1	1.4083889E+3	1.1044035E+3
7.7132688E+2	9.5440453E-1	1.4083282E+3	1.1043471E+3
7.7190164E+2	9.5319754E-1	1.4082618E+3	1.1042877E+3
7.7247558E+2	9.5142430E-1	1.4081980E+3	1.1042282E+3
7.7305018E+2	9.5029181E-1	1.4081385E+3	1.1041744E+3
7.7362532E+2	9.4889110E-1	1.4080741E+3	1.1041193E+3
7.7419983E+2	9.4763940E-1	1.4079990E+3	1.1040605E+3
7.7477527E+2	9.4631320E-1	1.4079314E+3	1.1040048E+3
7.7534912E+2	9.4570225E-1	1.4078563E+3	1.1039510E+3
7.7592394E+2	9.4583636E-1	1.4077737E+3	1.1038978E+3
7.7649766E+2	9.4580656E-1	1.4076873E+3	1.1038490E+3
7.7707263E+2	9.4684964E-1	1.4075966E+3	1.1037995E+3
7.7764672E+2	9.4817584E-1	1.4075014E+3	1.1037551E+3
7.7822165E+2	9.4950205E-1	1.4074038E+3	1.1037050E+3
7.7879519E+2	9.5097726E-1	1.4073037E+3	1.1036643E+3
7.7936886E+2	9.5148390E-1	1.4072073E+3	1.1036243E+3
7.7994252E+2	9.5318263E-1	1.4071121E+3	1.1035811E+3
7.8051780E+2	9.5480686E-1	1.4070158E+3	1.1035429E+3
7.8109305E+2	9.5590955E-1	1.4069338E+3	1.1035041E+3
7.8166777E+2	9.5671421E-1	1.4068518E+3	1.1034710E+3
7.8224388E+2	9.5734006E-1	1.4067761E+3	1.1034353E+3
7.8281771E+2	9.5780200E-1	1.4067060E+3	1.1034052E+3
7.8339290E+2	9.5847255E-1	1.4066478E+3	1.1033758E+3
7.8397280E+2	9.5899409E-1	1.4065883E+3	1.1033433E+3
7.8454677E+2	9.5987326E-1	1.4065320E+3	1.1033126E+3
7.8512128E+2	9.6085673E-1	1.4064857E+3	1.1032807E+3
7.8569651E+2	9.6131867E-1	1.4064394E+3	1.1032550E+3
7.8626907E+2	9.6219784E-1	1.4064018E+3	1.1032269E+3
7.8684288E+2	9.6288329E-1	1.4063618E+3	1.1032018E+3
7.8741585E+2	9.6368795E-1	1.4063255E+3	1.1031762E+3
7.8799109E+2	9.6397108E-1	1.4062935E+3	1.1031499E+3
7.8856680E+2	9.6583372E-1	1.4062560E+3	1.1031274E+3
7.8914207E+2	9.6680230E-1	1.4062047E+3	1.1030992E+3
7.8971675E+2	9.6821791E-1	1.4061615E+3	1.1030692E+3
7.9029251E+2	9.6938020E-1	1.4061133E+3	1.1030473E+3
7.9086530E+2	9.6997624E-1	1.4060613E+3	1.1030185E+3
7.9143765E+2	9.7095972E-1	1.4060113E+3	1.1029922E+3
7.9201090E+2	9.7230083E-1	1.4059681E+3	1.1029621E+3
7.9258398E+2	9.7292667E-1	1.4059268E+3	1.1029321E+3
7.9315706E+2	9.7337371E-1	1.4058955E+3	1.1029077E+3
7.9372915E+2	9.7385055E-1	1.4058667E+3	1.1028789E+3
7.9430224E+2	9.7426778E-1	1.4058454E+3	1.1028495E+3
7.9487531E+2	9.7529596E-1	1.4058223E+3	1.1028232E+3
7.9544740E+2	9.7645825E-1	1.4058079E+3	1.1027907E+3
7.9602048E+2	9.7693509E-1	1.4057891E+3	1.1027612E+3
7.9659357E+2	9.7790366E-1	1.4057791E+3	1.1027312E+3
7.9716565E+2	9.7794837E-1	1.4057716E+3	1.1026987E+3
7.9773874E+2	9.7762054E-1	1.4057634E+3	1.1026717E+3
7.9831182E+2	9.7766524E-1	1.4057584E+3	1.1026417E+3
7.9888390E+2	9.7756094E-1	1.4057534E+3	1.1026129E+3
7.9945699E+2	9.7753113E-1	1.4057490E+3	1.1025797E+3
8.0003007E+2	9.7797817E-1	1.4057409E+3	1.1025503E+3
8.0060224E+2	9.7846991E-1	1.4057409E+3	1.1025197E+3
8.0117532E+2	9.7930437E-1	1.4057303E+3	1.1024934E+3
8.0174842E+2	9.7960240E-1	1.4057165E+3	1.1024577E+3
8.0232170E+2	9.7964710E-1	1.4057059E+3	1.1024277E+3
8.0289460E+2	9.8022824E-1	1.4056952E+3	1.1023939E+3
8.0346669E+2	9.8033255E-1	1.4056808E+3	1.1023657E+3
8.0403950E+2	9.8107761E-1	1.4056614E+3	1.1023350E+3
8.0461259E+2	9.8140544E-1	1.4056495E+3	1.1023037E+3
8.0518567E+2	9.8165876E-1	1.4056339E+3	1.1022768E+3
8.0575875E+2	9.8153955E-1	1.4056320E+3	1.1022455E+3
8.0633183E+2	9.8238891E-1	1.4056176E+3	1.1022105E+3
8.0690492E+2	9.8319358E-1	1.4056164E+3	1.1021842E+3
8.0747700E+2	9.8256773E-1	1.4056057E+3	1.1021554E+3
8.0805007E+2	9.8352140E-1	1.4056039E+3	1.1021248E+3
8.0862316E+2	9.8352140E-1	1.4056064E+3	1.1020985E+3
8.0919524E+2	9.8253792E-1	1.4056114E+3	1.1020678E+3
8.0976833E+2	9.8170346E-1	1.4056120E+3	1.1020421E+3
8.1034141E+2	9.8074978E-1	1.4056170E+3	1.1020159E+3
8.1091449E+2	9.8018354E-1	1.4056164E+3	1.1019871E+3
8.1148757E+2	9.7896165E-1	1.4056145E+3	1.1019552E+3
8.1206066E+2	9.7814208E-1	1.4056114E+3	1.1019320E+3
8.1263374E+2	9.7751623E-1	1.4056157E+3	1.1019026E+3
8.1320683E+2	9.7648805E-1	1.4056132E+3	1.1018750E+3
8.1377991E+2	9.7559398E-1	1.4056064E+3	1.1018494E+3
8.1435199E+2	9.7511715E-1	1.4055988E+3	1.1018269E+3
8.1492508E+2	9.7469991E-1	1.4055895E+3	1.1017956E+3
8.1549716E+2	9.7438699E-1	1.4055857E+3	1.1017699E+3
8.1606925E+2	9.7441679E-1	1.4055694E+3	1.1017405E+3
8.1664233E+2	9.7425288E-1	1.4055594E+3	1.1017142E+3
8.1721541E+2	9.7365683E-1	1.4055419E+3	1.1016879E+3
8.1778850E+2	9.7325450E-1	1.4055262E+3	1.1016547E+3
8.1836158E+2	9.7261375E-1	1.4055119E+3	1.1016291E+3
8.1893489E+2	9.7180909E-1	1.4054862E+3	1.1016028E+3
8.1950598E+2	9.7124284E-1	1.4054624E+3	1.1015696E+3
8.2007837E+2	9.7018486E-1	1.4054367E+3	1.1015421E+3
8.2065045E+2	9.7012526E-1	1.4054092E+3	1.1015171E+3
8.2122317E+2	9.6987194E-1	1.4053773E+3	1.1014889E+3
8.2179525E+2	9.6997624E-1	1.4053435E+3	1.1014538E+3
8.2236933E+2	9.7036367E-1	1.4053103E+3	1.1014251E+3
8.2294242E+2	9.6911198E-1	1.4052715E+3	1.1013938E+3
8.2351550E+2	9.6821791E-1	1.4052302E+3	1.1013637E+3
8.2408858E+2	9.6727913E-1	1.4051870E+3	1.1013324E+3
8.2466166E+2	9.6596783E-1	1.4051432E+3	1.1013005E+3
8.2523375E+2	9.6452242E-1	1.4050950E+3	1.1012742E+3
8.2580657E+2	9.6288329E-1	1.4050456E+3	1.1012423E+3
8.2637908E+2	9.6195942E-1	1.4049974E+3	1.1012129E+3
8.2695254E+2	9.6130377E-1	1.4049498E+3	1.1011854E+3
8.2752764E+2	9.6073752E-1	1.4048923E+3	1.1011503E+3
8.2810295E+2	9.5999247E-1	1.4048384E+3	1.1011259E+3
8.2867818E+2	9.5863646E-1	1.4047871E+3	1.1010946E+3
8.2925139E+2	9.5787650E-1	1.4047327E+3	1.1010652E+3
8.2982595E+2	9.5993286E-1	1.4046763E+3	1.1010370E+3
8.3039904E+2	9.5984345E-1	1.4046213E+3	1.1010126E+3
8.3097242E+2	9.5897919E-1	1.4045637E+3	1.1009863E+3
8.3154626E+2	9.5885998E-1	1.4045074E+3	1.1009563E+3
8.3212006E+2	9.5908350E-1	1.4044560E+3	1.1009306E+3
8.3269151E+2	9.6257037E-1	1.4044022E+3	1.1009025E+3
8.3326493E+2	9.6477574E-1	1.4043490E+3	1.1008731E+3
8.3383884E+2	9.6495455E-1	1.4043002E+3	1.1008493E+3
8.3441469E+2	9.6569961E-1	1.4042451E+3	1.1008249E+3
8.3498789E+2	9.6529728E-1	1.4042001E+3	1.1008017E+3
8.3556470E+2	9.6501416E-1	1.4041550E+3	1.1007811E+3
8.3613752E+2	9.6401578E-1	1.4041150E+3	1.1007548E+3
8.3671024E+2	9.6331543E-1	1.4040743E+3	1.1007322E+3
8.3728642E+2	9.6338993E-1	1.4040380E+3	1.1007072E+3
8.3786014E+2	9.6246606E-1	1.4039973E+3	1.1006847E+3
8.3843595E+2	9.6157199E-1	1.4039648E+3	1.1006640E+3
8.3900987E+2	9.6070772E-1	1.4039328E+3	1.1006453E+3
8.3958611E+2	9.6003717E-1	1.4039053E+3	1.1006221E+3
8.4016089E+2	9.5900899E-1	1.4038759E+3	1.1005977E+3
8.4073434E+2	9.5824903E-1	1.4038552E+3	1.1005789E+3
8.4130884E+2	9.5807022E-1	1.4038296E+3	1.1005551E+3
8.4188416E+2	9.5775729E-1	1.4038033E+3	1.1005320E+3
8.4245778E+2	9.5663970E-1	1.4037858E+3	1.1005126E+3
8.4303181E+2	9.5644599E-1	1.4037614E+3	1.1004894E+3
8.4360681E+2	9.5574563E-1	1.4037382E+3	1.1004675E+3
8.4418183E+2	9.5535820E-1	1.4037194E+3	1.1004494E+3
8.4475538E+2	9.5449394E-1	1.4036944E+3	1.1004287E+3
8.4532878E+2	9.5354026E-1	1.4036781E+3	1.1004062E+3
8.4590343E+2	9.5292932E-1	1.4036543E+3	1.1003855E+3
8.4647682E+2	9.5207995E-1	1.4036331E+3	1.1003667E+3
8.4705089E+2	9.5152861E-1	1.4036093E+3	1.1003455E+3
8.4762623E+2	9.5061964E-1	1.4035849E+3	1.1003273E+3
8.4820094E+2	9.5100707E-1	1.4035648E+3	1.1003042E+3
8.4877672E+2	9.5023220E-1	1.4035367E+3	1.1002841E+3
8.4935025E+2	9.4985968E-1	1.4035079E+3	1.1002641E+3
8.4992547E+2	9.4988948E-1	1.4034816E+3	1.1002485E+3
8.5050025E+2	9.4874209E-1	1.4034528E+3	1.1002228E+3
8.5107526E+2	9.4921893E-1	1.4034165E+3	1.1002053E+3
8.5165017E+2	9.4962126E-1	1.4033858E+3	1.1001834E+3
8.5222589E+2	9.5032161E-1	1.4033483E+3	1.1001652E+3
8.5280020E+2	9.5078355E-1	1.4033139E+3	1.1001408E+3
8.5337669E+2	9.5151370E-1	1.4032732E+3	1.1001220E+3
8.5394875E+2	9.5190113E-1	1.4032325E+3	1.1001014E+3
8.5452394E+2	9.5222896E-1	1.4031900E+3	1.1000826E+3
8.5509766E+2	9.5283991E-1	1.4031480E+3	1.1000720E+3
8.5567258E+2	9.5319754E-1	1.4031023E+3	1.1000457E+3
8.5624681E+2	9.5364457E-1	1.4030554E+3	1.1000325E+3
8.5682023E+2	9.5424062E-1	1.4030047E+3	1.1000100E+3
8.5739594E+2	9.5404690E-1	1.4029621E+3	1.0999944E+3
8.5796918E+2	9.5401710E-1	1.4029158E+3	1.0999844E+3
8.5854547E+2	9.5410651E-1	1.4028783E+3	1.0999643E+3
8.5911884E+2	9.5401710E-1	1.4028332E+3	1.0999474E+3
8.5969387E+2	9.5395750E-1	1.4027950E+3	1.0999305E+3
8.6026873E+2	9.5370418E-1	1.4027569E+3	1.0999155E+3
8.6084419E+2	9.5368927E-1	1.4027212E+3	1.0999011E+3
8.6141885E+2	9.5397240E-1	1.4026899E+3	1.0998805E+3
8.6199484E+2	9.5324224E-1	1.4026586E+3	1.0998686E+3
8.6256680E+2	9.5273560E-1	1.4026279E+3	1.0998529E+3
8.6314320E+2	9.5270580E-1	1.4025998E+3	1.0998379E+3
8.6371782E+2	9.5218426E-1	1.4025760E+3	1.0998204E+3
8.6429244E+2	9.5190113E-1	1.4025485E+3	1.0998035E+3
8.6486651E+2	9.5145410E-1	1.4025291E+3	1.0997872E+3
8.6544023E+2	9.5133489E-1	1.4025028E+3	1.0997672E+3
8.6601681E+2	9.5134979E-1	1.4024827E+3	1.0997503E+3
8.6659018E+2	9.5094746E-1	1.4024627E+3	1.0997409E+3
8.6716514E+2	9.5032161E-1	1.4024421E+3	1.0997202E+3
8.6774244E+2	9.5020240E-1	1.4024214E+3	1.0997027E+3
8.6831672E+2	9.4999379E-1	1.4024045E+3	1.0996883E+3
8.6889040E+2	9.5003849E-1	1.4023895E+3	1.0996702E+3
8.6946567E+2	9.4968086E-1	1.4023638E+3	1.0996552E+3
8.7004090E+2	9.4908482E-1	1.4023476E+3	1.0996358E+3
8.7061772E+2	9.4926363E-1	1.4023275E+3	1.0996245E+3
8.7119071E+2	9.4929343E-1	1.4023138E+3	1.0996088E+3
8.7176342E+2	9.4892090E-1	1.4022887E+3	1.0995888E+3
8.7233776E+2	9.4877189E-1	1.4022712E+3	1.0995757E+3
8.7291279E+2	9.4851857E-1	1.4022493E+3	1.0995556E+3
8.7348756E+2	9.4872719E-1	1.4022230E+3	1.0995394E+3
8.7406530E+2	9.4865268E-1	1.4022105E+3	1.0995262E+3
8.7463829E+2	9.4908482E-1	1.4021830E+3	1.0995112E+3
8.7521344E+2	9.4857818E-1	1.4021592E+3	1.0994924E+3
8.7578782E+2	9.4872719E-1	1.4021323E+3	1.0994799E+3
8.7635879E+2	9.4904011E-1	1.4021097E+3	1.0994618E+3
8.7693525E+2	9.4950205E-1	1.4020816E+3	1.0994455E+3
8.7750988E+2	9.4974047E-1	1.4020509E+3	1.0994292E+3
8.7808546E+2	9.4994908E-1	1.4020171E+3	1.0994123E+3
8.7865928E+2	9.5035141E-1	1.4019889E+3	1.0993979E+3
8.7923330E+2	9.5073884E-1	1.4019545E+3	1.0993804E+3
8.7980880E+2	9.5105177E-1	1.4019214E+3	1.0993691E+3
8.8038390E+2	9.5176702E-1	1.4018851E+3	1.0993541E+3
8.8095887E+2	9.5210975E-1	1.4018500E+3	1.0993385E+3
8.8153602E+2	9.5193094E-1	1.4018137E+3	1.0993210E+3
8.8210870E+2	9.5176702E-1	1.4017762E+3	1.0993053E+3
8.8268098E+2	9.5172232E-1	1.4017405E+3	1.0992909E+3
8.8325446E+2	9.5210975E-1	1.4017042E+3	1.0992746E+3
8.8382885E+2	9.5222896E-1	1.4016698E+3	1.0992640E+3
8.8440393E+2	9.5248228E-1	1.4016335E+3	1.0992471E+3
8.8497862E+2	9.5295912E-1	1.4015965E+3	1.0992315E+3
8.8555277E+2	9.5295912E-1	1.4015609E+3	1.0992196E+3
8.8612764E+2	9.5286971E-1	1.4015208E+3	1.0992033E+3
8.8670074E+2	9.5282501E-1	1.4014814E+3	1.0991883E+3
8.8727778E+2	9.5286971E-1	1.4014445E+3	1.0991745E+3
8.8785465E+2	9.5249718E-1	1.4014063E+3	1.0991601E+3
8.8842681E+2	9.5221406E-1	1.4013706E+3	1.0991463E+3
8.8900089E+2	9.5219916E-1	1.4013349E+3	1.0991288E+3
8.8957436E+2	9.5210975E-1	1.4012961E+3	1.0991169E+3
8.9014674E+2	9.5181173E-1	1.4012536E+3	1.0991038E+3
8.9072107E+2	9.5160311E-1	1.4012173E+3	1.0990900E+3
8.9129499E+2	9.5166272E-1	1.4011835E+3	1.0990750E+3
8.9186985E+2	9.5117098E-1	1.4011422E+3	1.0990593E+3
8.9244588E+2	9.5061964E-1	1.4011027E+3	1.0990431E+3
8.9301870E+2	9.5036632E-1	1.4010639E+3	1.0990299E+3
8.9359292E+2	9.5026201E-1	1.4010270E+3	1.0990155E+3
8.9416827E+2	9.5017260E-1	1.4009845E+3	1.0990005E+3
8.9474315E+2	9.4930833E-1	1.4009438E+3	1.0989836E+3
8.9531755E+2	9.4911462E-1	1.4008993E+3	1.0989692E+3
8.9589288E+2	9.4880169E-1	1.4008530E+3	1.0989542E+3
8.9646676E+2	9.4841426E-1	1.4008111E+3	1.0989367E+3
8.9704216E+2	9.4802683E-1	1.4007654E+3	1.0989304E+3
8.9761680E+2	9.4731158E-1	1.4007178E+3	1.0989073E+3
8.9819283E+2	9.4689434E-1	1.4006684E+3	1.0988904E+3
8.9876788E+2	9.4637280E-1	1.4006183E+3	1.0988766E+3
8.9934057E+2	9.4525522E-1	1.4005645E+3	1.0988585E+3
8.9991418E+2	9.4458466E-1	1.4005195E+3	1.0988478E+3
9.0048667E+2	9.4331807E-1	1.4004606E+3	1.0988259E+3
9.0106087E+2	9.4334787E-1	1.4004149E+3	1.0988153E+3
9.0163609E+2	9.4205147E-1	1.4003636E+3	1.0987934E+3
9.0220997E+2	9.4088918E-1	1.4003117E+3	1.0987771E+3
9.0278327E+2	9.3951827E-1	1.4002547E+3	1.0987589E+3
9.0335885E+2	9.3789404E-1	1.4002122E+3	1.0987433E+3
9.0393460E+2	9.3668705E-1	1.4001646E+3	1.0987183E+3
9.0450714E+2	9.3454128E-1	1.4001170E+3	1.0987051E+3
9.0508128E+2	9.3303626E-1	1.4000682E+3	1.0986801E+3
9.0565736E+2	9.3238061E-1	1.4000244E+3	1.0986607E+3
9.0623268E+2	9.3162065E-1	1.3999850E+3	1.0986375E+3
