 1.00000000000000E+0000 8.77000000000000E+0002
 2.00000000000000E+0000 8.92000000000000E+0002
 3.00000000000000E+0000 9.04000000000000E+0002
 4.00000000000000E+0000 9.18000000000000E+0002
 5.00000000000000E+0000 9.32000000000000E+0002
 6.00000000000000E+0000 9.46000000000000E+0002
 7.00000000000000E+0000 9.61000000000000E+0002
 8.00000000000000E+0000 9.73000000000000E+0002
 9.00000000000000E+0000 9.86000000000000E+0002
 1.00000000000000E+0001 9.99000000000000E+0002
 1.10000000000000E+0001 1.00800000000000E+0003
 1.20000000000000E+0001 1.01900000000000E+0003
 1.30000000000000E+0001 1.02800000000000E+0003
 1.40000000000000E+0001 1.03400000000000E+0003
 1.50000000000000E+0001 1.04000000000000E+0003
 1.60000000000000E+0001 1.04400000000000E+0003
 1.70000000000000E+0001 1.04600000000000E+0003
 1.80000000000000E+0001 1.04600000000001E+0003
 1.90000000000000E+0001 1.04600000000000E+0003
 2.00000000000000E+0001 1.04400000000000E+0003
 2.10000000000000E+0001 1.04000000000000E+0003
 2.20000000000000E+0001 1.03400000000000E+0003
 2.30000000000000E+0001 1.02700000000000E+0003
 2.40000000000000E+0001 1.01800000000000E+0003
 2.50000000000000E+0001 1.00900000000000E+0003
 2.60000000000000E+0001 9.98000000000000E+0002
 2.70000000000000E+0001 9.86000000000000E+0002
 2.80000000000000E+0001 9.72000000000000E+0002
 2.90000000000000E+0001 9.61000000000000E+0002
 3.00000000000000E+0001 9.47000000000000E+0002
 3.10000000000000E+0001 9.35000000000000E+0002
 3.20000000000000E+0001 9.22000000000000E+0002
 3.30000000000000E+0001 9.08000000000000E+0002
 3.40000000000000E+0001 8.97000000000000E+0002
 3.50000000000000E+0001 8.86000000000000E+0002
 3.60000000000000E+0001 8.76000000000000E+0002
 3.70000000000000E+0001 8.66000000000000E+0002
 3.80000000000000E+0001 8.60000000000000E+0002
 3.90000000000000E+0001 8.53000000000000E+0002
 4.00000000000000E+0001 8.47000000000000E+0002
 4.10000000000000E+0001 8.45000000000000E+0002
 4.20000000000000E+0001 8.43000000000000E+0002
 4.30000000000000E+0001 8.42000000000000E+0002
 4.40000000000000E+0001 8.45000000000000E+0002
 4.50000000000000E+0001 8.47000000000000E+0002
 4.60000000000000E+0001 8.51000000000000E+0002
 4.70000000000000E+0001 8.59000000000000E+0002
 4.80000000000000E+0001 8.66000000000000E+0002
 4.90000000000000E+0001 8.74000000000000E+0002
 5.00000000000000E+0001 8.85000000000000E+0002
 5.10000000000000E+0001 8.94000000000000E+0002
 5.20000000000000E+0001 9.07000000000000E+0002
 5.30000000000000E+0001 9.19000000000000E+0002
 5.40000000000000E+0001 9.31000000000000E+0002
 5.50000000000000E+0001 9.44000000000000E+0002
 5.60000000000000E+0001 9.56000000000000E+0002
 5.70000000000000E+0001 9.68000000000000E+0002
 5.80000000000000E+0001 9.79000000000000E+0002
 5.90000000000000E+0001 9.91000000000000E+0002
 6.00000000000000E+0001 9.99000000000000E+0002
 6.10000000000000E+0001 1.00900000000000E+0003
 6.20000000000000E+0001 1.01700000000000E+0003
 6.30000000000000E+0001 1.02300000000000E+0003
 6.40000000000000E+0001 1.02800000000000E+0003
 6.50000000000000E+0001 1.03100000000000E+0003
 6.60000000000000E+0001 1.03400000000000E+0003
 6.70000000000000E+0001 1.03500000000000E+0003
 6.80000000000000E+0001 1.03200000000000E+0003
 6.90000000000000E+0001 1.03100000000000E+0003
 7.00000000000000E+0001 1.02600000000000E+0003
 7.10000000000000E+0001 1.02100000000000E+0003
 7.20000000000000E+0001 1.01500000000000E+0003
 7.30000000000000E+0001 1.00700000000000E+0003
 7.40000000000000E+0001 9.98000000000000E+0002
 7.50000000000000E+0001 9.88000000000000E+0002
 7.60000000000000E+0001 9.78000000000000E+0002
 7.70000000000000E+0001 9.65000000000000E+0002
 7.80000000000000E+0001 9.53000000000000E+0002
 7.90000000000000E+0001 9.40000000000000E+0002
 8.80000000000000E+0001 8.17000000000000E+0002
 8.90000000000000E+0001 8.07000000000000E+0002
 9.00000000000000E+0001 7.97000000000000E+0002
 9.10000000000000E+0001 7.89000000000000E+0002
 9.20000000000000E+0001 7.82000000000000E+0002
 9.30000000000000E+0001 7.76000000000000E+0002
 9.40000000000000E+0001 7.71000000000000E+0002
 9.50000000000000E+0001 7.67000000000000E+0002
 9.60000000000000E+0001 7.65000000000000E+0002
 9.70000000000000E+0001 7.61000000000000E+0002
 9.80000000000000E+0001 7.60000000000000E+0002
 9.90000000000000E+0001 7.59000000000000E+0002
 1.00000000000000E+0002 7.60000000000000E+0002
 1.01000000000000E+0002 7.62000000000000E+0002
 1.02000000000000E+0002 7.65000000000000E+0002
 1.03000000000000E+0002 7.67000000000000E+0002
 1.04000000000000E+0002 7.71000000000000E+0002
 1.05000000000000E+0002 7.75000000000000E+0002
 1.06000000000000E+0002 7.82000000000000E+0002
 1.07000000000000E+0002 7.86000000000000E+0002
 1.08000000000000E+0002 7.92000000000000E+0002
 1.09000000000000E+0002 7.99000000000000E+0002
 1.10000000000000E+0002 8.05000000000000E+0002
 1.11000000000000E+0002 8.12000000000000E+0002
 1.12000000000000E+0002 8.19000000000000E+0002
 1.13000000000000E+0002 8.26000000000000E+0002
 1.14000000000000E+0002 8.33000000000000E+0002
 1.15000000000000E+0002 8.40000000000000E+0002
 1.16000000000000E+0002 8.45000000000000E+0002
 1.17000000000000E+0002 8.50000000000000E+0002
 1.18000000000000E+0002 8.56000000000000E+0002
 1.19000000000000E+0002 8.59000000000000E+0002
 1.20000000000000E+0002 8.61000000000000E+0002
 1.21000000000000E+0002 8.63000000000000E+0002
 1.22000000000000E+0002 8.64000000000000E+0002
 1.23000000000000E+0002 8.65000000000000E+0002
 1.24000000000000E+0002 8.66000000000000E+0002
 1.25000000000000E+0002 8.65000000000000E+0002
 1.26000000000000E+0002 8.63000000000000E+0002
 1.27000000000000E+0002 8.60000000000000E+0002
 1.28000000000000E+0002 8.56000000000000E+0002
 1.29000000000000E+0002 8.53000000000000E+0002
 1.30000000000000E+0002 8.48000000000000E+0002
 1.31000000000000E+0002 8.44000000000000E+0002
 1.32000000000000E+0002 8.39000000000000E+0002
 1.33000000000000E+0002 8.33000000000000E+0002
 1.34000000000000E+0002 8.28000000000000E+0002
 1.35000000000000E+0002 8.22000000000000E+0002
 1.36000000000000E+0002 8.15000000000000E+0002
 1.37000000000000E+0002 8.11000000000000E+0002
 1.38000000000000E+0002 8.05000000000000E+0002
 1.39000000000000E+0002 7.99000000000000E+0002
 1.40000000000000E+0002 7.93000000000000E+0002
 1.41000000000000E+0002 7.89000000000000E+0002
 1.42000000000000E+0002 7.83000000000000E+0002
 1.43000000000000E+0002 7.80000000000000E+0002
 1.44000000000000E+0002 7.77000000000000E+0002
 1.45000000000000E+0002 7.74000000000000E+0002
 1.46000000000000E+0002 7.71000000000000E+0002
 1.47000000000000E+0002 7.71000000000000E+0002
 1.48000000000000E+0002 7.70000000000000E+0002
 1.49000000000000E+0002 7.71000000000000E+0002
 1.50000000000000E+0002 7.71000000000000E+0002
 1.51000000000000E+0002 7.74000000000000E+0002
 1.52000000000000E+0002 7.76000000000000E+0002
 1.53000000000000E+0002 7.78000000000000E+0002
 1.54000000000000E+0002 7.83000000000000E+0002
 1.55000000000000E+0002 7.85000000000000E+0002
 1.56000000000000E+0002 7.90000000000000E+0002
 1.57000000000000E+0002 7.95000000000000E+0002
 1.58000000000000E+0002 8.00000000000000E+0002
 1.59000000000000E+0002 8.06000000000000E+0002
 1.60000000000000E+0002 8.11000000000000E+0002
 1.61000000000000E+0002 8.15000000000000E+0002
 1.62000000000000E+0002 8.21000000000000E+0002
 1.63000000000000E+0002 8.27000000000000E+0002
 1.64000000000000E+0002 8.31000000000000E+0002
 1.65000000000000E+0002 8.36000000000000E+0002
 1.66000000000000E+0002 8.40000000000000E+0002
 1.67000000000000E+0002 8.45000000000000E+0002
 1.68000000000000E+0002 8.49000000000000E+0002
 1.69000000000000E+0002 8.51000000000000E+0002
 1.70000000000000E+0002 8.55000000000000E+0002
 1.71000000000000E+0002 8.55000000000000E+0002
 1.72000000000000E+0002 8.57000000000000E+0002
 1.73000000000000E+0002 8.56000000000000E+0002
 1.74000000000000E+0002 8.56000000000000E+0002
 1.75000000000000E+0002 8.56000000000000E+0002
 1.76000000000000E+0002 8.54000000000000E+0002
 1.77000000000000E+0002 8.51000000000000E+0002
 1.78000000000000E+0002 8.48000000000000E+0002
 1.79000000000000E+0002 8.45000000000000E+0002
 1.80000000000000E+0002 8.41000000000000E+0002
 1.81000000000000E+0002 8.36000000000000E+0002
 1.82000000000000E+0002 8.31000000000000E+0002
 1.83000000000000E+0002 8.26000000000000E+0002
 1.84000000000000E+0002 8.20000000000000E+0002
 1.85000000000000E+0002 8.15000000000000E+0002
 1.86000000000000E+0002 8.10000000000000E+0002
 1.87000000000000E+0002 8.05000000000000E+0002
 1.88000000000000E+0002 7.99000000000000E+0002
 1.89000000000000E+0002 7.94000000000000E+0002
 1.90000000000000E+0002 7.90000000000000E+0002
 1.91000000000000E+0002 7.86000000000000E+0002
 1.92000000000000E+0002 7.83000000000000E+0002
 1.93000000000000E+0002 7.79000000000000E+0002
 1.94000000000000E+0002 7.77000000000000E+0002
 1.95000000000000E+0002 7.75000000000000E+0002
 1.96000000000000E+0002 7.74000000000000E+0002
 1.97000000000000E+0002 7.73000000000000E+0002
 1.98000000000000E+0002 7.72000000000000E+0002
 1.99000000000000E+0002 7.74000000000000E+0002
 2.00000000000000E+0002 7.74000000000000E+0002
 2.01000000000000E+0002 7.78000000000000E+0002
 2.02000000000000E+0002 7.78000000000000E+0002
 2.03000000000000E+0002 7.82000000000000E+0002
 2.04000000000000E+0002 7.86000000000000E+0002
 2.05000000000000E+0002 7.90000000000000E+0002
 2.06000000000000E+0002 7.94000000000000E+0002
 2.07000000000000E+0002 7.98000000000000E+0002
 2.08000000000000E+0002 8.03000000000000E+0002
 2.09000000000000E+0002 8.08000000000000E+0002
 2.10000000000000E+0002 8.13000000000000E+0002
 2.11000000000000E+0002 8.18000000000000E+0002
 2.12000000000000E+0002 8.22000000000000E+0002
 2.13000000000000E+0002 8.28000000000000E+0002
 2.14000000000000E+0002 8.31000000000000E+0002
 2.15000000000000E+0002 8.36000000000000E+0002
 2.16000000000000E+0002 8.39000000000000E+0002
 2.17000000000000E+0002 8.42000000000000E+0002
 2.18000000000000E+0002 8.45000000000000E+0002
 2.19000000000000E+0002 8.47000000000000E+0002
 2.20000000000000E+0002 8.49000000000000E+0002
 2.21000000000000E+0002 8.52000000000000E+0002
 2.22000000000000E+0002 8.51000000000000E+0002
 2.23000000000000E+0002 8.51000000000000E+0002
 2.24000000000000E+0002 8.50000000000000E+0002
 2.25000000000000E+0002 8.49000000000000E+0002
 2.26000000000000E+0002 8.46000000000000E+0002
 2.27000000000000E+0002 8.44000000000000E+0002
 2.28000000000000E+0002 8.40000000000000E+0002
 2.29000000000000E+0002 8.37000000000000E+0002
 2.30000000000000E+0002 8.34000000000000E+0002
 2.31000000000000E+0002 8.29000000000000E+0002
 2.32000000000000E+0002 8.24000000000000E+0002
 2.33000000000000E+0002 8.20000000000000E+0002
 2.34000000000000E+0002 8.15000000000000E+0002
 2.35000000000000E+0002 8.11000000000000E+0002
 2.36000000000000E+0002 8.05000000000000E+0002
 2.37000000000000E+0002 8.02000000000000E+0002
 2.38000000000000E+0002 7.98000000000000E+0002
 2.39000000000000E+0002 7.94000000000000E+0002
 2.40000000000000E+0002 7.90000000000000E+0002
 2.41000000000000E+0002 7.87000000000000E+0002
 2.42000000000000E+0002 7.85000000000000E+0002
 2.43000000000000E+0002 7.83000000000000E+0002
 2.44000000000000E+0002 7.83000000000000E+0002
 2.45000000000000E+0002 7.81000000000000E+0002
 2.46000000000000E+0002 7.81000000000000E+0002
 2.47000000000000E+0002 7.82000000000000E+0002
 2.48000000000000E+0002 7.83000000000000E+0002
 2.49000000000000E+0002 7.83000000000000E+0002
 2.50000000000000E+0002 7.86000000000000E+0002
 2.51000000000000E+0002 7.88000000000000E+0002
 2.52000000000000E+0002 7.89000000000000E+0002
 2.53000000000000E+0002 7.92000000000000E+0002
 2.54000000000000E+0002 7.96000000000000E+0002
 2.55000000000000E+0002 8.00000000000000E+0002
 2.56000000000000E+0002 8.04000000000000E+0002
 2.57000000000000E+0002 8.06000000000000E+0002
 2.58000000000000E+0002 8.10000000000000E+0002
 2.59000000000000E+0002 8.14000000000000E+0002
 2.60000000000000E+0002 8.18000000000000E+0002
 2.61000000000000E+0002 8.22000000000000E+0002
 2.62000000000000E+0002 8.25000000000000E+0002
 2.63000000000000E+0002 8.29000000000000E+0002
 2.64000000000000E+0002 8.31000000000000E+0002
 2.65000000000000E+0002 8.35000000000000E+0002
 2.66000000000000E+0002 8.37000000000000E+0002
 2.67000000000000E+0002 8.40000000000000E+0002
 2.68000000000000E+0002 8.40000000000000E+0002
 2.69000000000000E+0002 8.42000000000000E+0002
 2.70000000000000E+0002 8.43000000000000E+0002
 2.71000000000000E+0002 8.44000000000000E+0002
 2.72000000000000E+0002 8.44000000000000E+0002
 2.73000000000000E+0002 8.43000000000000E+0002
 2.74000000000000E+0002 8.42000000000000E+0002
 2.75000000000000E+0002 8.40000000000000E+0002
 2.76000000000000E+0002 8.39000000000000E+0002
 2.77000000000000E+0002 8.37000000000000E+0002
 2.78000000000000E+0002 8.35000000000000E+0002
 2.79000000000000E+0002 8.32000000000000E+0002
 2.80000000000000E+0002 8.29000000000000E+0002
 2.81000000000000E+0002 8.25000000000000E+0002
 2.82000000000000E+0002 8.21000000000000E+0002
 2.83000000000000E+0002 8.19000000000000E+0002
 2.84000000000000E+0002 8.13000000000000E+0002
 2.85000000000000E+0002 8.11000000000000E+0002
 2.86000000000000E+0002 8.07000000000000E+0002
 2.87000000000000E+0002 8.04000000000000E+0002
 2.88000000000000E+0002 8.01000000000000E+0002
 2.89000000000000E+0002 7.98000000000000E+0002
 2.90000000000000E+0002 7.96000000000000E+0002
 2.91000000000000E+0002 7.94000000000000E+0002
 2.92000000000000E+0002 7.92000000000000E+0002
 2.93000000000000E+0002 7.90000000000000E+0002
 2.94000000000000E+0002 7.88000000000000E+0002
 2.95000000000000E+0002 7.88000000000000E+0002
 2.96000000000000E+0002 7.88000000000000E+0002
 2.97000000000000E+0002 7.88000000000000E+0002
