#============================================================
# Created with Tensionmeter 1.0 on 16.04.2024, 18:40:37.
#============================================================
 0.000000E+0000  5.886000E-0002
 4.840000E-0001  5.886000E-0002
 9.520000E-0001  4.905000E-0002
 1.437000E+0000  4.905000E-0002
 1.914000E+0000  4.905000E-0002
 2.399000E+0000  4.905000E-0002
 2.883000E+0000  4.905000E-0002
 3.358000E+0000  3.924000E-0002
 3.842000E+0000  3.924000E-0002
 4.310000E+0000  4.414500E-0001
 4.435000E+0000  4.385070E+0000
 4.563000E+0000  6.494220E+0000
 4.671000E+0000  8.309070E+0000
 4.796000E+0000  8.701470E+0000
 4.923000E+0000  8.740710E+0000
 5.157000E+0000  8.681850E+0000
 5.392000E+0000  8.524890E+0000
 5.522000E+0000  7.926480E+0000
 5.632000E+0000  7.543890E+0000
 5.757000E+0000  7.053390E+0000
 5.882000E+0000  6.710040E+0000
 5.992000E+0000  6.317640E+0000
 6.117000E+0000  5.895810E+0000
 6.241000E+0000  5.542650E+0000
 6.353000E+0000  5.218920E+0000
 6.477000E+0000  4.934430E+0000
 6.602000E+0000  4.728420E+0000
 6.712000E+0000  4.620510E+0000
 6.837000E+0000  4.561650E+0000
 7.072000E+0000  4.532220E+0000
 7.309000E+0000  4.522410E+0000
 7.564000E+0000  4.571460E+0000
 7.799000E+0000  4.728420E+0000
 7.909000E+0000  5.572080E+0000
 8.037000E+0000  6.092010E+0000
 8.161000E+0000  6.690420E+0000
 8.271000E+0000  7.131870E+0000
 8.396000E+0000  7.671420E+0000
 8.521000E+0000  8.161920E+0000
 8.631000E+0000  8.672040E+0000
 8.756000E+0000  9.201780E+0000
 8.867000E+0000  9.692280E+0000
 8.993000E+0000  1.008468E+0001
 9.118000E+0000  1.041822E+0001
 9.228000E+0000  1.071252E+0001
 9.353000E+0000  1.100682E+0001
 9.478000E+0000  1.131093E+0001
 9.586000E+0000  1.156599E+0001
 9.711000E+0000  1.176219E+0001
 9.836000E+0000  1.187991E+0001
 9.962000E+0000  1.193877E+0001
 1.019000E+0001  1.193877E+0001
 1.044100E+0001  1.191915E+0001
 1.067400E+0001  1.182105E+0001
 1.090900E+0001  1.148751E+0001
 1.102300E+0001  8.299260E+0000
 1.114800E+0001  5.895810E+0000
 1.127300E+0001  3.511980E+0000
 1.139800E+0001  1.991430E+0000
 1.150700E+0001  1.000620E+0000
 1.163200E+0001  4.414500E-0001
 1.174200E+0001  2.060100E-0001
 1.186700E+0001  9.810000E-0002
 1.210300E+0001  7.848000E-0002
 1.235300E+0001  6.867000E-0002
 1.259000E+0001  6.867000E-0002
 1.282500E+0001  5.886000E-0002
 1.307500E+0001  5.886000E-0002
 1.354400E+0001  4.905000E-0002
 1.402900E+0001  4.905000E-0002

