#============================================================
# Created with Tensionmeter 1.0 on 16.04.2024, 18:40:37.
#============================================================
 0.000000E+0000 -6.867000E-0002
 4.860000E-0001 -6.867000E-0002
 9.610000E-0001 -6.867000E-0002
 1.448000E+0000 -6.867000E-0002
 1.933000E+0000 -6.867000E-0002
 2.413000E+0000 -6.867000E-0002
 2.881000E+0000 -6.867000E-0002
 3.371000E+0000 -6.867000E-0002
 3.847000E+0000 -6.867000E-0002
 4.425000E+0000  2.295540E+0000
 4.536000E+0000  1.207611E+0001
 4.661000E+0000  1.631403E+0001
 4.786000E+0000  1.997316E+0001
 4.896000E+0000  2.039499E+0001
 5.021000E+0000  2.028708E+0001
 5.145000E+0000  1.993392E+0001
 5.257000E+0000  1.951209E+0001
 5.384000E+0000  1.923741E+0001
 5.494000E+0000  1.910007E+0001
 5.619000E+0000  1.876653E+0001
 5.745000E+0000  1.814850E+0001
 5.855000E+0000  1.746180E+0001
 5.980000E+0000  1.686339E+0001
 6.106000E+0000  1.631403E+0001
 6.215000E+0000  1.596087E+0001
 6.339000E+0000  1.548018E+0001
 6.466000E+0000  1.504854E+0001
 6.574000E+0000  1.475424E+0001
 6.699000E+0000  1.454823E+0001
 6.824000E+0000  1.443051E+0001
 6.935000E+0000  1.439127E+0001
 7.171000E+0000  1.437165E+0001
 7.413000E+0000  1.456785E+0001
 7.538000E+0000  1.700073E+0001
 7.662000E+0000  1.913931E+0001
 7.772000E+0000  2.167029E+0001
 7.897000E+0000  2.377944E+0001
 8.022000E+0000  2.566296E+0001
 8.132000E+0000  2.724237E+0001
 8.257000E+0000  2.851767E+0001
 8.372000E+0000  2.953791E+0001
 8.497000E+0000  3.038157E+0001
 8.622000E+0000  3.117618E+0001
 8.732000E+0000  3.196098E+0001
 8.857000E+0000  3.266730E+0001
 8.981000E+0000  3.327552E+0001
 9.090000E+0000  3.377583E+0001
 9.216000E+0000  3.417804E+0001
 9.341000E+0000  3.440367E+0001
 9.451000E+0000  3.437424E+0001
 9.687000E+0000  3.424671E+0001
 9.813000E+0000  3.310875E+0001
 9.938000E+0000  3.222585E+0001
 1.004800E+0001  3.121542E+0001
 1.017300E+0001  3.033252E+0001
 1.029900E+0001  2.939076E+0001
 1.040700E+0001  2.851767E+0001
 1.053200E+0001  2.736990E+0001
 1.073700E+0001  1.596087E+0001
 1.086200E+0001  8.730900E+0000
 1.097000E+0001  3.168630E+0000
 1.110200E+0001  1.049670E+0000
 1.121000E+0001  2.746800E-0001
 1.133500E+0001  0.000000E+0000
 1.145900E+0001 -6.867000E-0002
 1.169300E+0001 -8.829000E-0002
 1.192800E+0001 -1.079100E-0001
 1.217000E+0001 -1.079100E-0001
 1.241100E+0001 -1.079100E-0001
 1.266200E+0001 -1.079100E-0001

