#============================================================
# Created with Tensionmeter 1.0 on 16.04.2024, 18:40:37.
#============================================================
 0.000000E+0000  9.810000E-0002
 4.680000E-0001  9.810000E-0002
 9.520000E-0001  9.810000E-0002
 1.423000E+0000  9.810000E-0002
 1.913000E+0000  9.810000E-0002
 2.382000E+0000  9.810000E-0002
 2.867000E+0000  9.810000E-0002
 3.351000E+0000  1.667700E-0001
 3.461000E+0000  2.099340E+0000
 3.586000E+0000  3.727800E+0000
 3.714000E+0000  5.650560E+0000
 3.840000E+0000  7.396740E+0000
 3.943000E+0000  8.740710E+0000
 4.069000E+0000  9.476460E+0000
 4.194000E+0000  9.760950E+0000
 4.304000E+0000  9.731520E+0000
 4.549000E+0000  9.643230E+0000
 4.784000E+0000  9.437220E+0000
 4.909000E+0000  8.662230E+0000
 5.034000E+0000  8.161920E+0000
 5.144000E+0000  7.681230E+0000
 5.270000E+0000  7.377120E+0000
 5.395000E+0000  7.053390E+0000
 5.505000E+0000  6.631560E+0000
 5.630000E+0000  6.072390E+0000
 5.754000E+0000  5.621130E+0000
 5.864000E+0000  5.317020E+0000
 5.989000E+0000  5.130630E+0000
 6.103000E+0000  4.944240E+0000
 6.228000E+0000  4.738230E+0000
 6.353000E+0000  4.610700E+0000
 6.461000E+0000  4.551840E+0000
 6.712000E+0000  4.532220E+0000
 6.939000E+0000  4.532220E+0000
 7.186000E+0000  4.532220E+0000
 7.421000E+0000  4.532220E+0000
 7.905000E+0000  4.542030E+0000
 8.388000E+0000  4.551840E+0000
 8.873000E+0000  4.551840E+0000
 9.342000E+0000  4.542030E+0000
 9.582000E+0000  4.522410E+0000
 9.832000E+0000  4.502790E+0000
 1.006800E+0001  4.502790E+0000
 1.030100E+0001  4.522410E+0000
 1.078600E+0001  4.600890E+0000
 1.091200E+0001  5.160060E+0000
 1.102100E+0001  5.444550E+0000
 1.114500E+0001  5.738850E+0000
 1.125500E+0001  5.895810E+0000
 1.138000E+0001  6.052770E+0000
 1.150500E+0001  6.229350E+0000
 1.163000E+0001  6.435360E+0000
 1.174000E+0001  6.690420E+0000
 1.186600E+0001  6.955290E+0000
 1.197700E+0001  7.190730E+0000
 1.210200E+0001  7.416360E+0000
 1.222700E+0001  7.592940E+0000
 1.233500E+0001  7.769520E+0000
 1.246000E+0001  7.955910E+0000
 1.258500E+0001  8.122680E+0000
 1.269500E+0001  8.328690E+0000
 1.282000E+0001  8.554320E+0000
 1.294500E+0001  8.799570E+0000
 1.305400E+0001  9.015390E+0000
 1.317900E+0001  9.191970E+0000
 1.330400E+0001  9.339120E+0000
 1.341400E+0001  9.486270E+0000
 1.353900E+0001  9.603990E+0000
 1.365800E+0001  9.711900E+0000
 1.378300E+0001  9.829620E+0000
 1.390800E+0001  9.947340E+0000
 1.401800E+0001  1.008468E+0001
 1.414300E+0001  1.020240E+0001
 1.426800E+0001  1.032012E+0001
 1.437800E+0001  1.043784E+0001
 1.450100E+0001  1.053594E+0001
 1.462600E+0001  1.065366E+0001
 1.473700E+0001  1.079100E+0001
 1.486200E+0001  1.092834E+0001
 1.498700E+0001  1.107549E+0001
 1.509500E+0001  1.121283E+0001
 1.522000E+0001  1.136979E+0001
 1.534500E+0001  1.152675E+0001
 1.545500E+0001  1.168371E+0001
 1.558100E+0001  1.184067E+0001
 1.570600E+0001  1.195839E+0001
 1.581600E+0001  1.203687E+0001
 1.606600E+0001  1.205649E+0001
 1.629900E+0001  1.207611E+0001
 1.653800E+0001  1.205649E+0001
 1.677100E+0001  1.201725E+0001
 1.702100E+0001  1.191915E+0001
 1.725700E+0001  1.178181E+0001
 1.738200E+0001  1.125207E+0001
 1.749000E+0001  9.986580E+0000
 1.761600E+0001  7.906860E+0000
 1.774100E+0001  5.679990E+0000
 1.786600E+0001  3.717990E+0000
 1.797900E+0001  2.128770E+0000
 1.810500E+0001  1.118340E+0000
 1.821400E+0001  5.493600E-0001
 1.833800E+0001  2.943000E-0001
 1.846300E+0001  2.060100E-0001
 1.869800E+0001  1.667700E-0001
 1.893300E+0001  1.667700E-0001
 1.918200E+0001  1.667700E-0001
 1.941700E+0001  1.569600E-0001
 1.965200E+0001  1.569600E-0001
 2.013600E+0001  1.373400E-0001
 2.062200E+0001  1.373400E-0001
 2.109000E+0001  1.373400E-0001
 2.157500E+0001  1.373400E-0001

