#============================================================
# Created with Tensionmeter 1.0 on 16.04.2024, 18:40:37.
#============================================================
 0.000000E+0000  1.373400E-0001
 4.910000E-0001  1.373400E-0001
 9.600000E-0001  1.373400E-0001
 1.445000E+0000  1.373400E-0001
 1.921000E+0000  1.373400E-0001
 2.404000E+0000  1.373400E-0001
 2.889000E+0000  1.373400E-0001
 3.361000E+0000  1.373400E-0001
 3.845000E+0000  5.101200E-0001
 3.972000E+0000  4.394880E+0000
 4.080000E+0000  6.611940E+0000
 4.205000E+0000  8.730900E+0000
 4.331000E+0000  9.505890E+0000
 4.441000E+0000  9.888480E+0000
 4.566000E+0000  9.947340E+0000
 4.799000E+0000  9.908100E+0000
 5.050000E+0000  9.760950E+0000
 5.160000E+0000  9.172350E+0000
 5.285000E+0000  8.858430E+0000
 5.410000E+0000  8.436600E+0000
 5.520000E+0000  8.181540E+0000
 5.645000E+0000  7.946100E+0000
 5.769000E+0000  7.730280E+0000
 5.878000E+0000  7.553700E+0000
 6.004000E+0000  7.435980E+0000
 6.129000E+0000  7.269210E+0000
 6.237000E+0000  7.112250E+0000
 6.365000E+0000  6.945480E+0000
 6.490000E+0000  6.739470E+0000
 6.600000E+0000  6.562890E+0000
 6.725000E+0000  6.405930E+0000
 6.848000E+0000  6.307830E+0000
 7.083000E+0000  6.268590E+0000
 7.327000E+0000  6.229350E+0000
 7.562000E+0000  6.199920E+0000
 7.801000E+0000  6.160680E+0000
 8.035000E+0000  6.092010E+0000
 8.285000E+0000  6.013530E+0000
 8.523000E+0000  5.974290E+0000
 8.756000E+0000  6.033150E+0000
 9.007000E+0000  6.229350E+0000
 9.117000E+0000  7.122060E+0000
 9.242000E+0000  7.710660E+0000
 9.367000E+0000  8.328690E+0000
 9.476000E+0000  8.662230E+0000
 9.596000E+0000  8.936910E+0000
 9.722000E+0000  9.182160E+0000
 9.832000E+0000  9.407790E+0000
 9.957000E+0000  9.672660E+0000
 1.008200E+0001  1.000620E+0001
 1.020700E+0001  1.033974E+0001
 1.031500E+0001  1.063404E+0001
 1.044000E+0001  1.086948E+0001
 1.056600E+0001  1.109511E+0001
 1.067500E+0001  1.131093E+0001
 1.079700E+0001  1.152675E+0001
 1.092200E+0001  1.172295E+0001
 1.103000E+0001  1.184067E+0001
 1.115500E+0001  1.193877E+0001
 1.140600E+0001  1.197801E+0001
 1.164100E+0001  1.199763E+0001
 1.187500E+0001  1.201725E+0001
 1.212500E+0001  1.203687E+0001
 1.235200E+0001  1.201725E+0001
 1.260100E+0001  1.197801E+0001
 1.283600E+0001  1.189953E+0001
 1.307200E+0001  1.174257E+0001
 1.320000E+0001  1.133055E+0001
 1.332500E+0001  1.109511E+0001
 1.343300E+0001  1.084986E+0001
 1.355800E+0001  1.069290E+0001
 1.366800E+0001  9.888480E+0000
 1.379400E+0001  8.004960E+0000
 1.391900E+0001  5.768280E+0000
 1.402900E+0001  3.717990E+0000
 1.415400E+0001  2.089530E+0000
 1.427700E+0001  1.059480E+0000
 1.438700E+0001  5.101200E-0001
 1.451200E+0001  2.746800E-0001
 1.463700E+0001  1.962000E-0001
 1.487200E+0001  1.667700E-0001
 1.512100E+0001  1.569600E-0001
 1.535600E+0001  1.569600E-0001
 1.559100E+0001  1.569600E-0001
 1.582900E+0001  1.373400E-0001
 1.631400E+0001  1.373400E-0001
 1.680000E+0001  1.373400E-0001
 1.726900E+0001  1.373400E-0001

