#============================================================
# Created with Tensionmeter 1.0 on 16.04.2024, 18:40:37.
#============================================================
 0.000000E+0000 -2.943000E-0002
 4.830000E-0001 -2.943000E-0002
 9.520000E-0001 -3.924000E-0002
 1.437000E+0000 -3.924000E-0002
 1.921000E+0000 -3.924000E-0002
 2.391000E+0000 -3.924000E-0002
 2.876000E+0000 -3.924000E-0002
 3.365000E+0000 -3.924000E-0002
 3.833000E+0000 -3.924000E-0002
 4.286000E+0000  2.324970E+0000
 4.411000E+0000  1.209573E+0001
 4.536000E+0000  1.637289E+0001
 4.645000E+0000  2.006145E+0001
 4.770000E+0000  2.024784E+0001
 4.895000E+0000  1.962981E+0001
 5.005000E+0000  1.876653E+0001
 5.130000E+0000  1.799154E+0001
 5.255000E+0000  1.724598E+0001
 5.365000E+0000  1.635327E+0001
 5.491000E+0000  1.548018E+0001
 5.616000E+0000  1.471500E+0001
 5.741000E+0000  1.388115E+0001
 5.850000E+0000  1.294920E+0001
 5.975000E+0000  1.193877E+0001
 6.085000E+0000  1.098720E+0001
 6.210000E+0000  9.947340E+0000
 6.335000E+0000  8.976150E+0000
 6.445000E+0000  8.073630E+0000
 6.570000E+0000  7.357500E+0000
 6.695000E+0000  6.906240E+0000
 6.804000E+0000  6.778710E+0000
 6.929000E+0000  6.827760E+0000
 7.164000E+0000  6.876810E+0000
 7.414000E+0000  6.886620E+0000
 7.643000E+0000  6.837570E+0000
 7.887000E+0000  6.778710E+0000
 8.126000E+0000  6.759090E+0000
 8.361000E+0000  7.269210E+0000
 8.486000E+0000  1.168371E+0001
 8.610000E+0000  1.504854E+0001
 8.720000E+0000  1.874691E+0001
 8.845000E+0000  2.123865E+0001
 8.976000E+0000  2.317122E+0001
 9.085000E+0000  2.460348E+0001
 9.210000E+0000  2.565315E+0001
 9.335000E+0000  2.641833E+0001
 9.446000E+0000  2.704617E+0001
 9.567000E+0000  2.768382E+0001
 9.692000E+0000  2.840976E+0001
 9.802000E+0000  2.922399E+0001
 9.927000E+0000  2.996955E+0001
 1.005000E+0001  3.059739E+0001
 1.016000E+0001  3.115656E+0001
 1.028500E+0001  3.164706E+0001
 1.041000E+0001  3.207870E+0001
 1.052000E+0001  3.253977E+0001
 1.063900E+0001  3.301065E+0001
 1.076400E+0001  3.347172E+0001
 1.088900E+0001  3.386412E+0001
 1.099800E+0001  3.419766E+0001
 1.112300E+0001  3.442329E+0001
 1.124800E+0001  3.452139E+0001
 1.148400E+0001  3.450177E+0001
 1.171900E+0001  3.436443E+0001
 1.183300E+0001  3.350115E+0001
 1.195800E+0001  3.294198E+0001
 1.207600E+0001  3.230433E+0001
 1.220200E+0001  3.183345E+0001
 1.232700E+0001  3.139200E+0001
 1.243500E+0001  3.089169E+0001
 1.256000E+0001  2.933190E+0001
 1.275800E+0001  1.787382E+0001
 1.289100E+0001  1.000620E+0001
 1.300000E+0001  3.982860E+0000
 1.312400E+0001  1.491120E+0000
 1.323400E+0001  5.591700E-0001
 1.335900E+0001  2.354400E-0001
 1.348500E+0001  9.810000E-0002
 1.359500E+0001  4.905000E-0002
 1.384500E+0001  1.962000E-0002
 1.407800E+0001  9.810000E-0003
 1.431300E+0001  9.810000E-0003
 1.455200E+0001  0.000000E+0000
 1.479200E+0001  0.000000E+0000

