#============================================================
# Created with Tensionmeter 1.0 on 16.04.2024, 18:40:37.
#============================================================
 0.000000E+0000 -1.079100E-0001
 4.850000E-0001 -1.079100E-0001
 9.530000E-0001 -1.079100E-0001
 1.437000E+0000 -1.079100E-0001
 1.915000E+0000 -1.079100E-0001
 2.401000E+0000 -1.079100E-0001
 2.873000E+0000 -1.079100E-0001
 3.359000E+0000 -1.079100E-0001
 3.843000E+0000 -1.079100E-0001
 4.322000E+0000  2.344590E+0000
 4.447000E+0000  1.265490E+0001
 4.572000E+0000  1.703997E+0001
 4.682000E+0000  2.049309E+0001
 4.808000E+0000  2.032632E+0001
 4.934000E+0000  1.957095E+0001
 5.043000E+0000  1.857033E+0001
 5.169000E+0000  1.763838E+0001
 5.294000E+0000  1.703997E+0001
 5.402000E+0000  1.627479E+0001
 5.527000E+0000  1.512702E+0001
 5.652000E+0000  1.390077E+0001
 5.762000E+0000  1.279224E+0001
 5.887000E+0000  1.172295E+0001
 6.013000E+0000  1.057518E+0001
 6.122000E+0000  9.554940E+0000
 6.246000E+0000  8.524890E+0000
 6.369000E+0000  7.524270E+0000
 6.478000E+0000  6.602130E+0000
 6.603000E+0000  5.650560E+0000
 6.728000E+0000  4.748040E+0000
 6.838000E+0000  4.012290E+0000
 6.953000E+0000  3.364830E+0000
 7.078000E+0000  2.864520E+0000
 7.204000E+0000  2.540790E+0000
 7.329000E+0000  2.246490E+0000
 7.439000E+0000  1.991430E+0000
 7.564000E+0000  1.736370E+0000
 7.689000E+0000  1.549980E+0000
 7.799000E+0000  1.648080E+0000
 7.924000E+0000  2.413260E+0000
 8.050000E+0000  3.982860E+0000
 8.160000E+0000  6.160680E+0000
 8.285000E+0000  8.691660E+0000
 8.409000E+0000  1.148751E+0001
 8.519000E+0000  1.423431E+0001
 8.644000E+0000  1.662795E+0001
 8.768000E+0000  1.870767E+0001
 8.877000E+0000  2.055195E+0001
 9.001000E+0000  2.215098E+0001
 9.126000E+0000  2.358324E+0001
 9.237000E+0000  2.496645E+0001
 9.362000E+0000  2.627118E+0001
 9.484000E+0000  2.739933E+0001
 9.594000E+0000  2.839995E+0001
 9.720000E+0000  2.938095E+0001
 9.845000E+0000  3.034233E+0001
 9.953000E+0000  3.124485E+0001
 1.007800E+0001  3.207870E+0001
 1.020300E+0001  3.278502E+0001
 1.031300E+0001  3.331476E+0001
 1.043800E+0001  3.377583E+0001
 1.056400E+0001  3.413880E+0001
 1.067400E+0001  3.438405E+0001
 1.079900E+0001  3.441348E+0001
 1.103200E+0001  3.432519E+0001
 1.127400E+0001  3.393279E+0001
 1.140000E+0001  3.094074E+0001
 1.158800E+0001  1.997316E+0001
 1.171700E+0001  1.127169E+0001
 1.182500E+0001  4.846140E+0000
 1.195300E+0001  1.932570E+0000
 1.206300E+0001  1.245870E+0000
 1.218900E+0001  1.167390E+0000
 1.242200E+0001  1.118340E+0000
 1.266000E+0001  9.417600E-0001
 1.277800E+0001  4.218300E-0001
 1.290300E+0001  4.316400E-0001
 1.313600E+0001  2.844900E-0001
 1.326100E+0001  1.667700E-0001
 1.338600E+0001  7.848000E-0002

