4.200  52.00000
5.800  59.60000
6.600  47.20000
7.400  46.40000
11.80  35.60000
13.40  25.60000
23.80  42.40000
25.40  44.80000
25.80  42.00000
26.20   5.60000
27.00  39.60000
27.40  46.40000
30.20  42.80000
31.00  36.00000
42.20  31.60000
43.00  40.00000
43.40  48.80000
44.20  23.20000
44.60  47.60000
47.00  52.00000
48.60  39.20000
49.00  52.80000
52.60  47.20000
53.00  44.40000
53.40  39.20000
59.40  12.40000
61.80  51.20000
66.60  44.40000
71.80  44.80000
72.60  10.00000
75.00  29.60000
76.20  46.00000
77.40  41.60000
79.40  38.00000
82.60  46.00000
84.20   6.00000
84.60  32.00000
87.40  24.40000
92.60  39.20000
94.60   5.60000
96.60  38.40000
97.00  44.80000
97.40  44.40000
101.0  51.60000
103.8  48.00000
106.2  44.40000
108.2  47.20000
109.8  39.60000
112.6  43.60000
115.0  41.60000
115.8  42.00000
118.6  42.40000
119.0  44.00000
119.4  33.60000
122.2   9.20000
131.8  46.40000
132.2  40.00000
132.6   5.60000
137.4  28.00000
140.6  44.00000
143.4  37.20000
144.6  51.60000
145.0  41.60000
145.4  38.80000
146.2   7.60000
148.2  21.60000
149.4  46.00000
149.8  43.60000
151.8  35.60000
153.4   5.60000
153.8  24.80000
156.2  46.00000
156.6  36.40000
157.8  41.60000
158.6  22.00000
159.8  41.20000
167.0  48.00000
169.4  28.80000
171.4  37.60000
175.0  39.60000
175.8  46.40000
179.8  48.80000
182.2   6.80000
189.4  42.80000
192.2  20.80000
194.6  50.00000
198.6  52.00000
203.0  41.60000
203.4  13.20000
203.8  46.80000
204.6  40.00000
211.0   6.00000
211.8  46.40000
213.4   5.60000
218.6   5.60000
219.0  43.20000
219.4  44.40000
224.2  46.00000
225.8  46.00000
230.6   5.60000
231.4  38.80000
234.2  38.00000
244.2  35.60000
245.4  46.40000
245.8  31.20000
249.0  52.80000
254.2   6.00000
255.0  52.40000
261.0  35.20000
265.8  48.00000
266.6  44.80000
268.2   5.60000
268.6  37.20000
269.0   5.60000
269.8   5.60000
270.2  38.40000
273.4  50.40000
277.8  44.80000
280.6   5.60000
281.0   8.00000
281.8  44.00000
282.2  42.00000
283.0  49.20000
283.8   5.60000
284.2  54.00000
284.6  42.40000
285.0  45.20000
286.6   5.60000
292.2   5.60000
298.2   5.60000
298.6   6.00000
300.2   5.60000
302.2   6.40000
303.8  52.00000
304.6   6.00000
305.0  15.20000
306.6  44.00000
310.6   5.60000
311.8  40.00000
312.2  46.80000
319.4  46.80000
321.4  40.40000
326.6  52.80000
328.2  42.40000
330.2   6.00000
331.4   5.60000
338.2  21.60000
338.6   5.60000
344.2  46.40000
346.2   5.60000
347.8   8.40000
349.8   5.60000
351.0  46.00000
351.4   5.60000
352.2  44.40000
353.4  46.80000
355.8  38.40000
357.0  48.00000
357.8  34.40000
359.0  27.20000
361.8  27.60000
362.2  39.60000
363.8   6.00000
364.2  51.20000
366.2  44.40000
367.0   6.00000
367.4  40.00000
367.8  38.80000
370.6  31.60000
371.4   5.60000
372.6  41.20000
373.8  44.40000
374.2  54.80000
374.6   5.60000
375.0  72.00000
376.2   5.60000
377.0  40.40000
378.6  43.20000
379.0   5.60000
379.8   5.60000
380.2  40.80000
382.2   5.60000
385.0  42.00000
385.8   5.60000
386.2   5.60000
387.0  50.00000
387.4  31.20000
388.2   5.60000
389.4  44.80000
391.0  42.00000
391.4  39.20000
392.6   5.60000
393.4  34.80000
394.2   5.60000
395.0  34.80000
395.4   6.00000
395.8   6.00000
396.2  42.40000
398.6   5.60000
401.0  44.00000
401.4  36.00000
401.8  38.40000
402.2   5.60000
403.0  32.40000
403.4   5.60000
404.2   6.00000
405.8  37.60000
406.2  42.40000
406.6   5.60000
408.2  50.00000
408.6  34.00000
409.0   6.00000
409.4   5.60000
409.8   6.00000
410.2   5.60000
410.6  49.20000
411.4   5.60000
411.8   5.60000
412.6   5.60000
413.4   5.60000
413.8   5.60000
414.2  46.80000
