99.00  41.60000
101.0   7.60000
101.8  45.60000
106.2  41.60000
117.4  44.80000
119.8  44.40000
121.4  40.00000
122.2  67.60000
122.6  40.00000
125.8  45.60000
126.6  39.60000
129.4  35.60000
130.6  37.60000
131.4  36.80000
132.2  33.60000
133.4  38.80000
134.6  43.60000
139.8  72.00000
141.8  45.20000
143.0  43.20000
143.4  44.40000
149.0  46.40000
149.4  44.80000
155.4  44.00000
160.2  31.20000
160.6  46.40000
162.2  10.00000
163.0  54.80000
163.4  16.40000
164.2  12.80000
165.0  44.80000
165.8  72.00000
166.2  46.00000
166.6  39.60000
167.4  52.80000
169.8  43.20000
175.4  33.20000
177.4  34.00000
180.6  46.80000
181.8  42.80000
185.4  48.40000
191.8  50.00000
192.6  56.80000
193.0  47.60000
200.2  17.20000
205.4  46.00000
206.2  44.80000
207.8  42.80000
208.2  45.60000
210.6  48.40000
211.0  38.80000
213.8  43.60000
218.2  39.20000
221.4  37.20000
223.8  36.80000
224.6  42.40000
227.8  46.80000
231.0  46.80000
232.6  36.40000
240.6  46.40000
245.0  39.60000
249.8  53.20000
250.2  42.00000
255.4  47.60000
256.6  44.40000
261.0  36.40000
267.4  47.60000
269.4  39.20000
272.2  46.40000
273.8  46.00000
274.2  45.20000
277.0  38.40000
278.6  37.20000
281.4  42.80000
283.8  39.20000
287.8  41.20000
289.0  42.80000
290.2  40.80000
292.6  43.60000
297.0  48.80000
301.4  45.60000
312.2  50.00000
314.2  31.20000
314.6  38.00000
315.0  26.40000
319.0  38.40000
331.4  45.20000
333.0  50.00000
333.8  37.60000
335.4  44.40000
335.8  50.00000
337.8   8.00000
341.4  42.00000
341.8  30.40000
342.6  46.80000
343.0  33.60000
343.8  45.60000
347.4   8.40000
349.4  40.80000
350.6  45.60000
353.8  38.80000
355.0  43.60000
362.2  33.60000
365.0  36.00000
366.6  41.60000
367.4  51.60000
369.0  43.20000
374.2  31.20000
375.4  38.80000
375.8  44.00000
376.2  41.60000
377.4  36.80000
379.4  38.00000
386.6  48.00000
390.2  45.60000
391.4  53.60000
392.2  51.20000
393.4  53.20000
395.4  48.00000
396.2  42.40000
400.2  49.20000
400.6  40.40000
401.8  41.60000
404.6  42.80000
407.0  33.20000
409.0  44.80000
415.0  46.80000
415.8  40.00000
416.6  44.80000
422.6  44.40000
423.4  56.00000
423.8  42.40000
426.6  48.00000
429.8  45.60000
431.4  72.00000
434.2  42.80000
438.2  38.40000
439.8  41.20000
440.2  44.80000
443.0  72.00000
445.8  72.00000
447.8  42.00000
452.6  72.00000
454.6  72.00000
459.8  72.00000
460.2  34.00000
461.8  72.00000
465.4  72.00000
467.0  72.00000
471.4  47.60000
472.2  45.60000
473.0  39.60000
473.4  72.00000
478.6  72.00000
481.8  35.60000
482.2  47.60000
483.4  45.20000
486.2  72.00000
488.6  72.00000
490.2  48.00000
493.4  45.60000
496.2  72.00000
497.4  48.40000
508.6  23.60000
509.4  42.80000
511.0  72.00000
514.2  44.00000
514.6  31.20000
515.4  41.60000
516.2  43.20000
516.6  51.20000
519.0  28.00000
520.6  48.80000
529.0  36.80000
531.0  72.00000
536.2  44.00000
541.0  72.00000
