8.200  51.20000
8.600  20.00000
9.400  43.20000
11.40  42.00000
12.60  53.20000
14.60  27.60000
19.00  41.20000
20.20  50.40000
33.80  35.60000
36.60  38.00000
39.80  53.60000
44.20  33.20000
45.00  32.80000
45.40  72.00000
45.80  49.60000
46.20  14.00000
46.60  11.20000
47.00  27.20000
49.80  40.80000
53.80  44.00000
54.20  36.40000
61.40  47.20000
62.60  42.80000
65.00  41.60000
68.60  44.00000
70.20  44.00000
74.20  46.00000
75.40  45.60000
76.60  44.00000
77.00  45.60000
81.00  51.20000
86.20  31.20000
86.60  47.20000
87.40  44.00000
88.20  30.80000
90.20   6.00000
93.00  41.60000
93.80  35.60000
95.40  44.80000
97.00  46.80000
98.20  42.40000
100.2  46.00000
105.0  48.40000
105.4  42.00000
107.8  45.60000
109.8  46.40000
110.6  42.40000
111.4  45.60000
114.6  44.80000
118.2  43.60000
119.0  53.60000
121.0  46.80000
122.2  33.60000
129.0  38.80000
131.0   6.40000
131.8  31.20000
134.6  36.40000
136.6  50.00000
139.0  33.60000
141.4  38.40000
141.8  16.00000
147.8  43.60000
150.6  22.40000
156.2  47.60000
159.0  45.20000
164.2  22.00000
164.6  42.00000
167.0  35.60000
170.2  25.60000
171.8  44.40000
175.0  42.40000
180.2  46.40000
182.2  50.00000
183.4  43.60000
185.4  28.40000
189.0  49.20000
193.4  41.20000
194.2  42.80000
199.0  41.20000
207.4  30.80000
209.8  40.40000
216.2  46.80000
217.0  29.20000
219.0  47.20000
221.8  46.40000
225.8  49.60000
226.2  43.20000
227.8  30.80000
230.6  45.20000
231.0  44.80000
233.4  50.40000
235.0  38.40000
237.8  37.60000
238.2  48.40000
241.4   7.20000
242.6  40.40000
245.0  46.80000
250.6  43.60000
254.2  42.40000
256.6  45.60000
258.2  44.00000
263.0  30.40000
264.2  30.00000
266.6  41.20000
267.8  36.80000
269.8  46.40000
271.4  34.80000
276.2  40.80000
279.0  29.60000
282.6  32.80000
290.6  46.80000
293.0  39.20000
295.4  51.20000
297.8  48.80000
299.8  30.80000
300.6  41.20000
302.6  42.80000
303.0  48.40000
310.6  40.00000
315.4  46.40000
321.0  49.20000
321.4  44.80000
322.2  42.80000
325.4  49.60000
328.2  39.20000
329.4  45.20000
332.6   8.40000
336.2  50.40000
336.6  28.40000
339.0  43.60000
345.0  46.80000
346.6  42.40000
347.8  54.40000
349.0  46.40000
349.4  44.40000
349.8  36.80000
353.4  48.80000
354.6  37.20000
355.4  39.20000
358.2  43.60000
358.6  49.60000
361.4  42.40000
363.0  44.40000
364.2  38.40000
367.4  49.20000
378.6  51.20000
379.0  45.60000
380.6   6.40000
381.4  36.40000
385.0  44.00000
388.6  28.80000
391.0  41.60000
393.0  37.20000
394.2  40.40000
395.4  30.40000
397.4  20.40000
398.2  41.20000
398.6  40.40000
410.2  33.60000
410.6  38.00000
417.0  38.00000
419.4  43.60000
424.2  50.80000
426.2  29.20000
431.8  41.60000
435.0  43.20000
442.2  46.80000
443.8  48.80000
446.2  35.20000
453.0  25.20000
