# V A A A 
596 0.16e-6 1.38e-6 10e-6 2.93907407 3.09606488e-08
609 0.18e-6 1.64e-6 12e-6 3.01625626 2.58454102e-08
624 0.20e-6 1.96e-6 14e-6 3.1293141  1.80134679e-08
630 0.21e-6 2.04e-6 15e-6 3.11741276 2.03576868e-08
642 0.24e-6 2.38e-6 18e-6 3.14882366 2.12301584e-08
650 0.26e-6 2.69e-6 20e-6 3.21623874 1.75352347e-08
660 0.29e-6 3.06e-6 24e-6 3.24859651 1.82905980e-08
671 0.31e-6 3.39e-6 26e-6 3.30723672 1.54247062e-08
682 0.34e-6 3.82e-6 30e-6 3.35249218 1.47139717e-08
688 0.37e-6 4.16e-6 33e-6 3.35367493 1.61056378e-08
701 0.43e-6 5.04e-6 40e-6 3.42360254 1.46234796e-08
710 0.45e-6 5.37e-6 44e-6 3.45424041 1.41995414e-08
722 0.52e-6 6.45e-6 53e-6 3.52202989 1.30295926e-08
740 0.60e-6 7.80e-6 66e-6 3.60577783 1.16765872e-08
747 0.65e-6 8.53e-6 74e-6 3.62272708 1.22600027e-08
764 0.75e-6 10.2e-6 90e-6 3.6877089  1.16253801e-08
