6.26035132e+02 0.118746521e-06 1.17738250e-06 9.97233645e-06 3.14882366 2.03571426e-08
6.38005019e+02 0.135475416e-06 1.32665747e-06 1.10220561e-05 3.1293141  2.45454544e-08
6.45984944e+02 0.165332776e-06 1.63365585e-06 1.20134579e-05 3.14340839 2.51219516e-08
6.66988708e+02 0.198297122e-06 2.14988882e-06 1.80201869e-05 3.29268204 1.96815284e-08
6.77979925e+02 0.246338299e-06 2.68508710e-06 1.90115888e-05 3.30151458 2.00000000e-08
6.93036386e+02 0.247499746e-06 2.85611238e-06 2.19857944e-05 3.39703692 1.55144035e-08
7.08017566e+02 0.289505222e-06 3.47483836e-06 2.70011215e-05 3.46448833 1.44687503e-08
7.19987453e+02 0.313839805e-06 3.83989411e-06 3.10250467e-05 3.49788568 1.45355189e-08
7.36022585e+02 0.391802683e-06 4.94828919e-06 3.80231776e-05 3.55380696 1.42669584e-08
7.51982434e+02 0.491433383e-06 6.59774367e-06 4.60127103e-05 3.66408375 1.12553495e-08
7.58005019e+02 0.473571739e-06 6.42691883e-06 4.99783178e-05 3.68390582 1.13359789e-08
7.68017566e+02 0.523605715e-06 7.22590812e-06 5.49936449e-05 3.71487349 1.10941175e-08
7.80966123e+02 0.609508104e-06 8.55634881e-06 6.60157009e-05 3.74674812 1.18162840e-08
7.93011292e+02 0.660613290e-06 9.60189862e-06 7.90205607e-05 3.81245657 1.10883798e-08
8.04002509e+02 0.654532349e-06 9.88959257e-06 9.09757009e-05 3.88708146 9.73175300e-09
