6.53964868e+02 0 0 9.99028037e-06 3.34405737 
6.65031368e+02 0 0 1.20112150e-05 3.31695096
6.80012547e+02 0 0 1.39940187e-05 3.33660068
6.93036386e+02 0 0 1.60149533e-05 3.36065982
7.05984944e+02 0 0 1.79977570e-05 3.44021346
7.20966123e+02 0 0 2.20014953e-05 3.49167058
7.30000000e+02 0 0 2.39842991e-05 3.53542709
7.43023839e+02 0 0 2.79880374e-05 3.63417247
7.51982434e+02 0 0 3.19917757e-05 3.66145809
7.65006274e+02 0 0 3.59955140e-05 3.73708978
7.73964868e+02 0 0 3.99992523e-05 3.72074411
7.82020075e+02 0 0 4.40029907e-05 3.76514559
7.90000000e+02 0 0 4.80067290e-05 3.81884898
7.97979925e+02 0 0 5.20104673e-05 3.85932915
8.04002509e+02 0 0 5.70056075e-05 3.87614494
8.08971142e+02 0 0 6.00179439e-05 3.87614494
8.14015056e+02 0 0 6.39835514e-05 3.91087926
8.24027604e+02 0 0 7.19910280e-05 3.92646819
8.29974906e+02 0 0 7.90071028e-05 3.98249475
8.35997491e+02 0 0 8.40022430e-05 3.99765751
8.43977415e+02 0 0 8.99887850e-05 4.01336749
