1 9.00e-05 2.44191806e-07 2.56894410e-06 20e-6 3.24348418  1.55819752e-08
2 6.69e-05 2.06626777e-07 2.11801852e-06 16e-6 3.20163321  2.01136921e-08
3 5.20e-05 1.59998544e-07 1.69595240e-06 13e-6 3.25573324 1.66286357e-08
4 4.20e-05 1.11060759e-07 1.18461507e-06 11e-6 3.26594080 1.66735117e-08
5 3.39e-05 1.21223712e-07 1.27288948e-06 10e-6 3.24042191 2.09593815e-08
6 2.70e-05 1.08322953e-07 1.15093908e-06  9e-6 3.25961211 2.18049868e-08
7 2.09e-05 7.53044607e-08 8.53493969e-07  7e-6 3.36658727 1.39409856e-08
8 1.59e-05 7.17884046e-08 7.75324468e-07  6e-6 3.28635590 2.20165775e-08


























