
1557 736 
1730 750 
1929 781 
2009 777 
2168 788 
2274 817 
2407 834 
2553 871 
2699 906 
2779 907 
2952 975 
3071 1011 
3231 1107 
3470 1264 
3563 1302 
3789 1471 

1956 788 
2115 781 
2221 786 
2500 861 
2646 867 
2846 947 
3045 1024 
3204 1070 
3417 1161 
3629 1405 
3709 1460 
3842 1554 
4014 1662 
4174 1926 
4320 2307 

2327 899 
2474 878 
2673 893 
2846 913 
3018 994 
3217 1061 
3337 1129 
3510 1329 
3629 1398 
3802 1628 
3921 1573 
4028 1730 
4134 1955 
4240 2154 
4320 2245 
4386 2245 
4453 2450 
4586 2550 
4665 2955 
4745 3078 
4851 3212 
