876 262 749 554 964 594 749 197 423 491 446 429 305
871 266 749 555 965 596 753 196 424 483 438 430 301
874 267 753 548 966 596 749 202 428 488 442 429 298
871 267 750 550 962 598 744 192 430 491 441 424 307
871 275 749 558 965 606 739 191 429 499 439 423 306
872 271 744 554 961 608 736 196 428 500 439 422 303
873 266 744 549 961 608 734 194 428 499 439 420 304
874 266 740 552 965 607 734 195 425 504 437 425 308
874 264 739 554 962 609 725 198 424 506 438 425 301
869 267 740 558 960 611 726 197 430 507 438 427 298
865 269 736 559 957 609 728 199 430 508 440 429 299
868 268 731 566 958 605 726 196 433 507 443 421 299
868 270 734 564 956 608 731 201 432 509 439 420 295
867 268 734 567 952 608 734 196 435 512 440 420 292
870 268 734 566 957 608 731 195 439 515 444 417 292
868 265 731 560 965 609 735 196 439 520 447 418 298
867 262 726 562 967 608 733 195 437 514 451 421 300
871 262 723 562 963 607 737 194 437 513 455 425 299
872 258 725 562 956 609 744 187 436 511 454 422 298
876 258 726 561 960 610 749 196 439 508 454 428 306
875 258 729 560 954 609 750 203 436 506 451 426 309
878 258 728 560 960 611 750 202 436 506 451 431 309
874 251 729 556 952 610 752 204 434 500 450 426 313
873 247 733 556 949 612 747 204 438 494 452 433 311
872 244 734 553 946 610 746 202 435 499 450 431 312
872 243 739 554 954 612 753 204 441 500 452 430 309
872 239 736 550 954 611 749 198 439 506 450 421 310
872 241 736 550 959 610 750 211 443 507 452 420 308
874 238 734 554 952 609 750 206 439 506 447 425 312
876 240 734 555 950 604 753 201 439 508 445 426 310
874 247 738 555 948 606 752 197 439 508 447 428 309
873 253 733 554 948 604 754 197 435 516 448 436 302
874 253 734 555 940 597 755 197 436 518 450 439 301
873 252 734 554 942 602 752 196 438 514 450 438 302
873 255 740 554 944 602 750 197 435 517 449 435 307
875 255 741 554 947 597 749 197 438 516 453 435 308
876 255 744 561 949 603 749 192 437 513 446 439 313
878 254 749 558 954 606 745 197 433 516 444 442 312
878 255 752 555 950 607 747 199 429 519 443 440 315
875 252 755 554 955 607 761 202 433 518 444 439 316
