62  128 251 135 766 188 678 459 209 699
63  152 303 143 744 206 685 505 221 667
91  223 288 123 689 199 719 491 252 675
120 245 346 134 669 242 749 542 258 650
108 222 361 156 680 312 829 548 236 630
154 198 341 171 723 364 826 563 288 635
140 159 374 222 762 350 855 588 276 683
148 129 370 161 767 331 875 519 322 660
91  162 377 158 814 345 903 551 297 681
25  179 422 168 849 318 851 532 275 664
73  249 472 165 828 310 852 596 305 644
131 285 424 219 841 302 878 571 316 648
163 276 440 154 819 299 811 577 312 640
180 264 476 197 819 281 797 626 326 605
129 307 498 185 852 265 796 600 351 619
127 339 501 227 842 248 834 598 370 589
#142 356 572 254 790 248 835 631        
#156 350 522 330 815 661               
#        557 344                        
#        549 425                        
