5.000000000000000000e+00 9.679435882640070200e-12
5.000000000000000000e+00 9.208551763683311132e-12
5.000000000000000000e+00 7.687478111600445119e-12
5.000000000000000000e+00 8.452324570715182507e-12
5.000000000000000000e+00 5.961810299932308707e-12
5.000000000000000000e+00 5.586191754174899146e-12
5.000000000000000000e+00 9.095594012604089365e-12
5.000000000000000000e+00 8.974470640964930533e-12
5.000000000000000000e+00 4.498803282942381899e-12
5.000000000000000000e+00 3.856894777813464282e-12
1.000000000000000000e+01 2.437583551796085768e-11
1.000000000000000000e+01 2.803724145117852863e-11
1.000000000000000000e+01 1.411534444531717511e-11
1.000000000000000000e+01 7.971201022802301058e-12
1.000000000000000000e+01 1.705156550499694400e-11
1.000000000000000000e+01 1.753907249437932645e-11
1.000000000000000000e+01 2.086559077487074959e-11
1.000000000000000000e+01 9.430319649049408270e-12
1.000000000000000000e+01 7.354405041220832399e-12
1.000000000000000000e+01 5.227941353735457182e-12
1.500000000000000000e+01 3.536865264329511858e-11
1.500000000000000000e+01 4.217385988046367751e-11
1.500000000000000000e+01 2.188648028672634462e-11
1.500000000000000000e+01 1.296553982498772114e-11
1.500000000000000000e+01 2.764271934427132392e-11
1.500000000000000000e+01 3.258344322025274442e-11
1.500000000000000000e+01 3.640767551582644590e-11
1.500000000000000000e+01 1.606690532612023072e-11
1.500000000000000000e+01 9.826486844347777399e-12
1.500000000000000000e+01 8.751870241170557102e-12
