#============================================================
# Created with Tensionmeter 1.0 on 16.04.2024, 18:40:37.
#============================================================
 0.000000E+0000  1.177200E-0001
 4.840000E-0001  1.177200E-0001
 9.690000E-0001  1.177200E-0001
 1.438000E+0000  1.177200E-0001
 1.921000E+0000  1.177200E-0001
 2.396000E+0000  1.177200E-0001
 2.886000E+0000  1.177200E-0001
 3.357000E+0000  1.177200E-0001
 3.833000E+0000  6.180300E-0001
 3.959000E+0000  4.855950E+0000
 4.084000E+0000  7.082820E+0000
 4.192000E+0000  9.123300E+0000
 4.319000E+0000  9.711900E+0000
 4.444000E+0000  9.927720E+0000
 4.562000E+0000  9.888480E+0000
 4.795000E+0000  9.868860E+0000
 5.041000E+0000  9.810000E+0000
 5.274000E+0000  9.731520E+0000
 5.525000E+0000  9.613800E+0000
 5.635000E+0000  9.054630E+0000
 5.760000E+0000  8.554320E+0000
 5.885000E+0000  8.034390E+0000
 5.993000E+0000  7.681230E+0000
 6.118000E+0000  7.377120E+0000
 6.243000E+0000  7.171110E+0000
 6.354000E+0000  7.023960E+0000
 6.479000E+0000  6.896430E+0000
 6.605000E+0000  6.837570E+0000
 6.840000E+0000  6.817950E+0000
 7.075000E+0000  6.817950E+0000
 7.320000E+0000  6.827760E+0000
 7.555000E+0000  6.827760E+0000
 7.806000E+0000  6.827760E+0000
 8.274000E+0000  6.837570E+0000
 8.759000E+0000  6.827760E+0000
 9.233000E+0000  6.817950E+0000
 9.483000E+0000  6.886620E+0000
 9.710000E+0000  7.082820E+0000
 9.835000E+0000  7.926480E+0000
 9.943000E+0000  8.416980E+0000
 1.006800E+0001  8.995770E+0000
 1.019400E+0001  9.280260E+0000
 1.032000E+0001  9.515700E+0000
 1.043000E+0001  9.711900E+0000
 1.055500E+0001  9.868860E+0000
 1.068000E+0001  9.986580E+0000
 1.079000E+0001  1.010430E+0001
 1.092000E+0001  1.024164E+0001
 1.102900E+0001  1.035936E+0001
 1.115300E+0001  1.047708E+0001
 1.127800E+0001  1.059480E+0001
 1.138800E+0001  1.073214E+0001
 1.151000E+0001  1.088910E+0001
 1.163500E+0001  1.103625E+0001
 1.176100E+0001  1.121283E+0001
 1.187000E+0001  1.138941E+0001
 1.199600E+0001  1.156599E+0001
 1.212200E+0001  1.170333E+0001
 1.223200E+0001  1.182105E+0001
 1.235700E+0001  1.189953E+0001
 1.259200E+0001  1.195839E+0001
 1.282500E+0001  1.197801E+0001
 1.307500E+0001  1.199763E+0001
 1.331200E+0001  1.201725E+0001
 1.355000E+0001  1.199763E+0001
 1.380100E+0001  1.193877E+0001
 1.403400E+0001  1.182105E+0001
 1.415900E+0001  1.138941E+0001
 1.426900E+0001  1.113435E+0001
 1.439400E+0001  1.065366E+0001
 1.451900E+0001  9.270450E+0000
 1.462800E+0001  7.220160E+0000
 1.475300E+0001  5.140440E+0000
 1.487800E+0001  3.502170E+0000
 1.498800E+0001  2.168010E+0000
 1.511300E+0001  1.187010E+0000
 1.522300E+0001  5.984100E-0001
 1.534800E+0001  3.139200E-0001
 1.547300E+0001  2.060100E-0001
 1.559700E+0001  1.667700E-0001
 1.583200E+0001  1.373400E-0001
 1.607500E+0001  1.373400E-0001
 1.630800E+0001  1.373400E-0001
 1.654400E+0001  1.373400E-0001
 1.702900E+0001  1.373400E-0001
 1.751500E+0001  1.373400E-0001

