#============================================================
# Created with Tensionmeter 1.0 on 16.04.2024, 18:40:37.
#============================================================
 0.000000E+0000  1.667700E-0001
 4.690000E-0001  1.569600E-0001
 9.540000E-0001  1.569600E-0001
 1.440000E+0000  1.569600E-0001
 1.920000E+0000  1.569600E-0001
 2.388000E+0000  1.569600E-0001
 2.877000E+0000  1.569600E-0001
 3.347000E+0000  1.569600E-0001
 3.826000E+0000  1.569600E-0001
 4.305000E+0000  1.569600E-0001
 4.791000E+0000  2.943000E-0001
 4.916000E+0000  3.021480E+0000
 5.034000E+0000  4.914810E+0000
 5.143000E+0000  7.131870E+0000
 5.269000E+0000  8.711280E+0000
 5.394000E+0000  9.711900E+0000
 5.502000E+0000  1.026126E+0001
 5.627000E+0000  1.047708E+0001
 5.752000E+0000  1.051632E+0001
 5.988000E+0000  1.053594E+0001
 6.224000E+0000  1.049670E+0001
 6.475000E+0000  1.047708E+0001
 6.710000E+0000  1.039860E+0001
 6.945000E+0000  1.024164E+0001
 7.070000E+0000  9.721710E+0000
 7.194000E+0000  9.427410E+0000
 7.304000E+0000  9.133110E+0000
 7.429000E+0000  8.956530E+0000
 7.554000E+0000  8.701470E+0000
 7.667000E+0000  8.397360E+0000
 7.791000E+0000  8.152110E+0000
 7.900000E+0000  8.014770E+0000
 8.026000E+0000  7.965720E+0000
 8.261000E+0000  7.946100E+0000
 8.508000E+0000  7.867620E+0000
 8.743000E+0000  7.759710E+0000
 8.869000E+0000  7.308450E+0000
 8.977000E+0000  6.896430E+0000
 9.102000E+0000  6.513840E+0000
 9.227000E+0000  6.327450E+0000
 9.352000E+0000  6.180300E+0000
 9.463000E+0000  6.072390E+0000
 9.713000E+0000  6.033150E+0000
 9.946000E+0000  6.013530E+0000
 1.019000E+0001  6.013530E+0000
 1.042500E+0001  6.003720E+0000
 1.066000E+0001  6.003720E+0000
 1.113900E+0001  6.013530E+0000
 1.162300E+0001  6.013530E+0000
 1.210900E+0001  5.984100E+0000
 1.234400E+0001  5.944860E+0000
 1.259400E+0001  5.915430E+0000
 1.282400E+0001  5.935050E+0000
 1.305900E+0001  6.052770E+0000
 1.318400E+0001  6.837570E+0000
 1.330900E+0001  7.337880E+0000
 1.341700E+0001  7.936290E+0000
 1.354200E+0001  8.299260E+0000
 1.365600E+0001  8.632800E+0000
 1.378200E+0001  8.907480E+0000
 1.390700E+0001  9.103680E+0000
 1.401700E+0001  9.280260E+0000
 1.414200E+0001  9.466650E+0000
 1.426700E+0001  9.692280E+0000
 1.437500E+0001  9.966960E+0000
 1.450000E+0001  1.026126E+0001
 1.462600E+0001  1.055556E+0001
 1.473600E+0001  1.081062E+0001
 1.486100E+0001  1.103625E+0001
 1.498600E+0001  1.127169E+0001
 1.509400E+0001  1.150713E+0001
 1.522200E+0001  1.172295E+0001
 1.534700E+0001  1.191915E+0001
 1.545600E+0001  1.205649E+0001
 1.557300E+0001  1.211535E+0001
 1.582700E+0001  1.213497E+0001
 1.606200E+0001  1.207611E+0001
 1.630600E+0001  1.189953E+0001
 1.641600E+0001  9.810000E+0000
 1.654200E+0001  7.553700E+0000
 1.666400E+0001  5.061960E+0000
 1.677400E+0001  3.080340E+0000
 1.689900E+0001  1.648080E+0000
 1.701700E+0001  8.142300E-0001
 1.712800E+0001  4.022100E-0001
 1.725300E+0001  2.452500E-0001
 1.737800E+0001  1.962000E-0001
 1.761100E+0001  1.667700E-0001
 1.786200E+0001  1.667700E-0001
 1.810400E+0001  1.667700E-0001
 1.833700E+0001  1.667700E-0001
 1.882300E+0001  1.667700E-0001
 1.929900E+0001  1.667700E-0001
 1.978500E+0001  1.569600E-0001

