#============================================================
# Created with Tensionmeter 1.0 on 16.04.2024, 18:40:37.
#============================================================
 0.000000E+0000  0.000000E+0000
 4.460000E-0001  0.000000E+0000
 9.320000E-0001  0.000000E+0000
 1.401000E+0000  0.000000E+0000
 1.884000E+0000  0.000000E+0000
 2.370000E+0000  0.000000E+0000
 2.853000E+0000  0.000000E+0000
 3.311000E+0000  6.867000E-0002
 3.436000E+0000  1.981620E+0000
 3.561000E+0000  3.521790E+0000
 3.686000E+0000  5.375880E+0000
 3.796000E+0000  7.073010E+0000
 3.921000E+0000  8.534700E+0000
 4.047000E+0000  9.456840E+0000
 4.156000E+0000  9.888480E+0000
 4.280000E+0000  9.966960E+0000
 4.515000E+0000  9.986580E+0000
 4.765000E+0000  9.927720E+0000
 5.000000E+0000  9.751140E+0000
 5.124000E+0000  9.054630E+0000
 5.233000E+0000  8.652420E+0000
 5.367000E+0000  8.161920E+0000
 5.477000E+0000  7.857810E+0000
 5.603000E+0000  7.553700E+0000
 5.728000E+0000  7.269210E+0000
 5.838000E+0000  6.984720E+0000
 5.963000E+0000  6.759090E+0000
 6.073000E+0000  6.631560E+0000
 6.198000E+0000  6.484410E+0000
 6.324000E+0000  6.317640E+0000
 6.432000E+0000  6.170490E+0000
 6.557000E+0000  6.042960E+0000
 6.682000E+0000  5.954670E+0000
 6.917000E+0000  5.915430E+0000
 7.168000E+0000  5.886000E+0000
 7.401000E+0000  5.866380E+0000
 7.636000E+0000  5.846760E+0000
 7.876000E+0000  5.817330E+0000
 8.126000E+0000  5.807520E+0000
 8.354000E+0000  5.827140E+0000
 8.605000E+0000  5.846760E+0000
 8.841000E+0000  5.886000E+0000
 9.076000E+0000  5.964480E+0000
 9.313000E+0000  6.141060E+0000
 9.433000E+0000  6.896430E+0000
 9.559000E+0000  7.416360E+0000
 9.684000E+0000  7.955910E+0000
 9.792000E+0000  8.289450E+0000
 9.917000E+0000  8.593560E+0000
 1.004200E+0001  8.858430E+0000
 1.015300E+0001  9.113490E+0000
 1.027800E+0001  9.378360E+0000
 1.040300E+0001  9.682470E+0000
 1.051100E+0001  1.000620E+0001
 1.063600E+0001  1.030050E+0001
 1.076100E+0001  1.063404E+0001
 1.087100E+0001  1.100682E+0001
 1.099700E+0001  1.136979E+0001
 1.112200E+0001  1.164447E+0001
 1.123000E+0001  1.184067E+0001
 1.135500E+0001  1.195839E+0001
 1.148000E+0001  1.199763E+0001
 1.171500E+0001  1.199763E+0001
 1.196200E+0001  1.193877E+0001
 1.219700E+0001  1.180143E+0001
 1.232200E+0001  1.069290E+0001
 1.243000E+0001  8.730900E+0000
 1.255500E+0001  6.258780E+0000
 1.266600E+0001  3.963240E+0000
 1.279100E+0001  2.118960E+0000
 1.291600E+0001  9.908100E-0001
 1.302400E+0001  4.120200E-0001
 1.314900E+0001  1.667700E-0001
 1.327500E+0001  7.848000E-0002
 1.351000E+0001  5.886000E-0002
 1.374600E+0001  5.886000E-0002
 1.399500E+0001  4.905000E-0002
 1.423300E+0001  4.905000E-0002
 1.446900E+0001  3.924000E-0002
 1.495400E+0001  3.924000E-0002

