#============================================================
# Created with Tensionmeter 1.0 on 16.04.2024, 18:40:37.
#============================================================
 0.000000E+0000  1.373400E-0001
 4.790000E-0001  1.373400E-0001
 9.690000E-0001  1.373400E-0001
 1.437000E+0000  1.373400E-0001
 1.922000E+0000  1.373400E-0001
 2.406000E+0000  1.373400E-0001
 2.876000E+0000  1.373400E-0001
 3.361000E+0000  1.373400E-0001
 3.839000E+0000  1.962000E-0001
 3.964000E+0000  2.089530E+0000
 4.078000E+0000  3.717990E+0000
 4.203000E+0000  5.650560E+0000
 4.328000E+0000  7.445790E+0000
 4.441000E+0000  8.985960E+0000
 4.566000E+0000  9.927720E+0000
 4.676000E+0000  1.039860E+0001
 4.801000E+0000  1.049670E+0001
 5.037000E+0000  1.047708E+0001
 5.279000E+0000  1.041822E+0001
 5.512000E+0000  1.030050E+0001
 5.634000E+0000  9.868860E+0000
 5.759000E+0000  9.545130E+0000
 5.885000E+0000  9.162540E+0000
 5.995000E+0000  8.858430E+0000
 6.120000E+0000  8.583750E+0000
 6.245000E+0000  8.309070E+0000
 6.353000E+0000  8.024580E+0000
 6.480000E+0000  7.720470E+0000
 6.592000E+0000  7.445790E+0000
 6.717000E+0000  7.200540E+0000
 6.832000E+0000  6.994530E+0000
 6.957000E+0000  6.817950E+0000
 7.082000E+0000  6.641370E+0000
 7.192000E+0000  6.376500E+0000
 7.311000E+0000  6.082200E+0000
 7.436000E+0000  5.827140E+0000
 7.561000E+0000  5.581890E+0000
 7.686000E+0000  5.385690E+0000
 7.796000E+0000  5.258160E+0000
 7.911000E+0000  5.199300E+0000
 8.162000E+0000  5.189490E+0000
 8.395000E+0000  5.189490E+0000
 8.632000E+0000  5.179680E+0000
 8.881000E+0000  5.150250E+0000
 9.116000E+0000  5.140440E+0000
 9.349000E+0000  5.238540E+0000
 9.598000E+0000  5.444550E+0000
 9.723000E+0000  6.347070E+0000
 9.832000E+0000  6.837570E+0000
 9.957000E+0000  7.377120E+0000
 1.008200E+0001  7.632180E+0000
 1.019200E+0001  7.887240E+0000
 1.031700E+0001  8.132490E+0000
 1.044300E+0001  8.416980E+0000
 1.055300E+0001  8.701470E+0000
 1.066700E+0001  8.946720E+0000
 1.079300E+0001  9.172350E+0000
 1.091800E+0001  9.348930E+0000
 1.104300E+0001  9.515700E+0000
 1.115300E+0001  9.682470E+0000
 1.127800E+0001  9.849240E+0000
 1.140200E+0001  1.000620E+0001
 1.151100E+0001  1.014354E+0001
 1.163700E+0001  1.026126E+0001
 1.176200E+0001  1.035936E+0001
 1.187000E+0001  1.047708E+0001
 1.199500E+0001  1.061442E+0001
 1.210900E+0001  1.077138E+0001
 1.223400E+0001  1.094796E+0001
 1.235900E+0001  1.113435E+0001
 1.246900E+0001  1.133055E+0001
 1.259400E+0001  1.150713E+0001
 1.271900E+0001  1.164447E+0001
 1.282800E+0001  1.178181E+0001
 1.295300E+0001  1.189953E+0001
 1.307800E+0001  1.199763E+0001
 1.331700E+0001  1.203687E+0001
 1.355600E+0001  1.203687E+0001
 1.379100E+0001  1.197801E+0001
 1.402700E+0001  1.187991E+0001
 1.415300E+0001  1.098720E+0001
 1.427800E+0001  9.290070E+0000
 1.438800E+0001  7.023960E+0000
 1.451200E+0001  4.826520E+0000
 1.462900E+0001  2.952810E+0000
 1.475700E+0001  1.599030E+0000
 1.486700E+0001  8.044200E-0001
 1.499100E+0001  4.022100E-0001
 1.511800E+0001  2.452500E-0001
 1.522600E+0001  2.060100E-0001
 1.547300E+0001  1.765800E-0001
 1.570800E+0001  1.667700E-0001
 1.595800E+0001  1.667700E-0001
 1.619100E+0001  1.667700E-0001
 1.667500E+0001  1.667700E-0001
 1.714500E+0001  1.667700E-0001
 1.762500E+0001  1.667700E-0001

