#============================================================
# Created with Tensionmeter 1.0 on 16.04.2024, 18:40:37.
#============================================================
 0.000000E+0000  3.924000E-0002
 4.840000E-0001  3.924000E-0002
 9.700000E-0001  3.924000E-0002
 1.441000E+0000  3.924000E-0002
 1.920000E+0000  2.943000E-0002
 2.404000E+0000  2.943000E-0002
 2.890000E+0000  2.943000E-0002
 3.359000E+0000  2.943000E-0002
 3.837000E+0000  3.924000E-0002
 4.083000E+0000  4.120200E-0001
 4.208000E+0000  3.256920E+0000
 4.316000E+0000  5.209110E+0000
 4.442000E+0000  7.445790E+0000
 4.567000E+0000  8.848620E+0000
 4.677000E+0000  9.633420E+0000
 4.802000E+0000  9.927720E+0000
 4.927000E+0000  9.868860E+0000
 5.161000E+0000  9.760950E+0000
 5.396000E+0000  9.564750E+0000
 5.525000E+0000  8.799570E+0000
 5.635000E+0000  8.407170E+0000
 5.761000E+0000  7.985340E+0000
 5.886000E+0000  7.749900E+0000
 6.003000E+0000  7.426170E+0000
 6.128000E+0000  7.043580E+0000
 6.236000E+0000  6.641370E+0000
 6.362000E+0000  6.229350E+0000
 6.487000E+0000  5.797710E+0000
 6.597000E+0000  5.415120E+0000
 6.722000E+0000  5.091390E+0000
 6.848000E+0000  4.855950E+0000
 6.957000E+0000  4.698990E+0000
 7.081000E+0000  4.591080E+0000
 7.205000E+0000  4.404690E+0000
 7.316000E+0000  4.218300E+0000
 7.441000E+0000  4.080960E+0000
 7.566000E+0000  4.012290E+0000
 7.799000E+0000  3.982860E+0000
 8.034000E+0000  3.963240E+0000
 8.274000E+0000  4.002480E+0000
 8.517000E+0000  4.169250E+0000
 8.642000E+0000  5.130630E+0000
 8.753000E+0000  5.758470E+0000
 8.878000E+0000  6.494220E+0000
 9.003000E+0000  6.955290E+0000
 9.111000E+0000  7.435980E+0000
 9.239000E+0000  7.916670E+0000
 9.365000E+0000  8.387550E+0000
 9.474000E+0000  8.838810E+0000
 9.598000E+0000  9.260640E+0000
 9.723000E+0000  9.692280E+0000
 9.833000E+0000  1.012392E+0001
 9.958000E+0000  1.057518E+0001
 1.008300E+0001  1.096758E+0001
 1.019400E+0001  1.133055E+0001
 1.031800E+0001  1.160523E+0001
 1.043700E+0001  1.180143E+0001
 1.056200E+0001  1.191915E+0001
 1.067200E+0001  1.197801E+0001
 1.092300E+0001  1.197801E+0001
 1.115600E+0001  1.193877E+0001
 1.139900E+0001  1.182105E+0001
 1.152400E+0001  1.065366E+0001
 1.163400E+0001  8.770140E+0000
 1.175500E+0001  6.464790E+0000
 1.188100E+0001  4.492980E+0000
 1.200600E+0001  2.835090E+0000
 1.211400E+0001  1.559790E+0000
 1.223900E+0001  7.749900E-0001
 1.234900E+0001  3.433500E-0001
 1.247500E+0001  1.765800E-0001
 1.260000E+0001  1.177200E-0001
 1.283500E+0001  9.810000E-0002
 1.306800E+0001  7.848000E-0002
 1.331900E+0001  7.848000E-0002
 1.355400E+0001  7.848000E-0002
 1.403000E+0001  7.848000E-0002
 1.451000E+0001  7.848000E-0002

