#============================================================
# Created with Tensionmeter 1.0 on 16.04.2024, 18:40:37.
#============================================================
 0.000000E+0000  3.924000E-0002
 4.860000E-0001  2.943000E-0002
 9.690000E-0001  2.943000E-0002
 1.455000E+0000  2.943000E-0002
 1.924000E+0000  2.943000E-0002
 2.404000E+0000  2.943000E-0002
 2.896000E+0000  2.943000E-0002
 3.364000E+0000  1.962000E-0002
 3.848000E+0000  1.962000E-0002
 4.334000E+0000  1.962000E-0002
 4.802000E+0000  1.962000E-0002
 5.287000E+0000  2.060100E-0001
 5.411000E+0000  3.041100E+0000
 5.521000E+0000  4.846140E+0000
 5.646000E+0000  6.994530E+0000
 5.771000E+0000  8.279640E+0000
 5.881000E+0000  9.035010E+0000
 6.006000E+0000  9.290070E+0000
 6.133000E+0000  9.231210E+0000
 6.368000E+0000  9.152730E+0000
 6.603000E+0000  8.946720E+0000
 6.730000E+0000  8.171730E+0000
 6.839000E+0000  7.779330E+0000
 6.966000E+0000  7.249590E+0000
 7.093000E+0000  6.886620E+0000
 7.201000E+0000  6.464790E+0000
 7.327000E+0000  6.013530E+0000
 7.451000E+0000  5.601510E+0000
 7.562000E+0000  5.248350E+0000
 7.687000E+0000  4.954050E+0000
 7.812000E+0000  4.708800E+0000
 7.922000E+0000  4.561650E+0000
 8.047000E+0000  4.473360E+0000
 8.281000E+0000  4.443930E+0000
 8.531000E+0000  4.414500E+0000
 8.766000E+0000  4.375260E+0000
 9.000000E+0000  4.336020E+0000
 9.250000E+0000  4.336020E+0000
 9.485000E+0000  4.463550E+0000
 9.610000E+0000  5.395500E+0000
 9.720000E+0000  5.905620E+0000
 9.844000E+0000  6.454980E+0000
 9.969000E+0000  6.759090E+0000
 1.007900E+0001  7.082820E+0000
 1.020400E+0001  7.416360E+0000
 1.032900E+0001  7.740090E+0000
 1.043900E+0001  8.024580E+0000
 1.056500E+0001  8.338500E+0000
 1.069000E+0001  8.681850E+0000
 1.079800E+0001  8.995770E+0000
 1.092300E+0001  9.260640E+0000
 1.104800E+0001  9.505890E+0000
 1.115800E+0001  9.741330E+0000
 1.128300E+0001  9.966960E+0000
 1.140900E+0001  1.018278E+0001
 1.151900E+0001  1.041822E+0001
 1.164400E+0001  1.065366E+0001
 1.176700E+0001  1.084986E+0001
 1.187700E+0001  1.105587E+0001
 1.200300E+0001  1.125207E+0001
 1.212800E+0001  1.142865E+0001
 1.223800E+0001  1.156599E+0001
 1.236300E+0001  1.168371E+0001
 1.248900E+0001  1.176219E+0001
 1.272200E+0001  1.182105E+0001
 1.295700E+0001  1.186029E+0001
 1.320000E+0001  1.184067E+0001
 1.343500E+0001  1.174257E+0001
 1.355700E+0001  1.016316E+0001
 1.368200E+0001  8.122680E+0000
 1.380800E+0001  5.670180E+0000
 1.391700E+0001  3.541410E+0000
 1.404100E+0001  1.903140E+0000
 1.415100E+0001  8.927100E-0001
 1.427600E+0001  3.727800E-0001
 1.440100E+0001  1.667700E-0001
 1.452600E+0001  9.810000E-0002
 1.476100E+0001  7.848000E-0002
 1.499400E+0001  6.867000E-0002
 1.523000E+0001  6.867000E-0002
 1.547700E+0001  6.867000E-0002
 1.571300E+0001  5.886000E-0002
 1.619900E+0001  5.886000E-0002

