#============================================================
# Created with Tensionmeter 1.0 on 16.04.2024, 18:40:37.
#============================================================
 0.000000E+0000  1.569600E-0001
 4.680000E-0001  1.569600E-0001
 9.530000E-0001  1.373400E-0001
 1.437000E+0000  1.373400E-0001
 1.923000E+0000  1.373400E-0001
 2.391000E+0000  1.373400E-0001
 2.875000E+0000  1.373400E-0001
 3.357000E+0000  1.373400E-0001
 3.828000E+0000  1.373400E-0001
 4.315000E+0000  1.667700E-0001
 4.550000E+0000  6.376500E-0001
 4.675000E+0000  3.639510E+0000
 4.800000E+0000  5.621130E+0000
 4.908000E+0000  7.838190E+0000
 5.033000E+0000  8.936910E+0000
 5.151000E+0000  9.486270E+0000
 5.279000E+0000  9.653040E+0000
 5.387000E+0000  9.603990E+0000
 5.638000E+0000  9.535320E+0000
 5.871000E+0000  9.417600E+0000
 5.998000E+0000  9.044820E+0000
 6.106000E+0000  8.848620E+0000
 6.232000E+0000  8.622990E+0000
 6.357000E+0000  8.475840E+0000
 6.467000E+0000  8.269830E+0000
 6.592000E+0000  7.995150E+0000
 6.717000E+0000  7.700850E+0000
 6.827000E+0000  7.386930E+0000
 6.952000E+0000  7.112250E+0000
 7.076000E+0000  6.857190E+0000
 7.185000E+0000  6.631560E+0000
 7.311000E+0000  6.415740E+0000
 7.436000E+0000  6.190110E+0000
 7.544000E+0000  5.935050E+0000
 7.671000E+0000  5.670180E+0000
 7.796000E+0000  5.356260E+0000
 7.910000E+0000  5.081580E+0000
 8.034000E+0000  4.924620E+0000
 8.144000E+0000  4.836330E+0000
 8.394000E+0000  4.806900E+0000
 8.629000E+0000  4.757850E+0000
 8.863000E+0000  4.708800E+0000
 9.106000E+0000  4.659750E+0000
 9.341000E+0000  4.640130E+0000
 9.595000E+0000  4.669560E+0000
 9.831000E+0000  4.816710E+0000
 9.941000E+0000  5.523030E+0000
 1.006600E+0001  5.974290E+0000
 1.019100E+0001  6.504030E+0000
 1.030900E+0001  6.837570E+0000
 1.043300E+0001  7.180920E+0000
 1.054300E+0001  7.485030E+0000
 1.066800E+0001  7.740090E+0000
 1.078200E+0001  7.955910E+0000
 1.090700E+0001  8.132490E+0000
 1.103200E+0001  8.289450E+0000
 1.114300E+0001  8.456220E+0000
 1.126800E+0001  8.652420E+0000
 1.139300E+0001  8.868240E+0000
 1.150300E+0001  9.093870E+0000
 1.162700E+0001  9.299880E+0000
 1.175200E+0001  9.535320E+0000
 1.186200E+0001  9.829620E+0000
 1.198700E+0001  1.014354E+0001
 1.211300E+0001  1.051632E+0001
 1.222300E+0001  1.086948E+0001
 1.235200E+0001  1.115397E+0001
 1.246200E+0001  1.138941E+0001
 1.258800E+0001  1.156599E+0001
 1.271300E+0001  1.172295E+0001
 1.282100E+0001  1.184067E+0001
 1.295100E+0001  1.195839E+0001
 1.306000E+0001  1.203687E+0001
 1.331000E+0001  1.205649E+0001
 1.354600E+0001  1.201725E+0001
 1.378900E+0001  1.187991E+0001
 1.389700E+0001  1.014354E+0001
 1.402200E+0001  7.995150E+0000
 1.414700E+0001  5.581890E+0000
 1.425700E+0001  3.678750E+0000
 1.438200E+0001  2.128770E+0000
 1.450700E+0001  1.128150E+0000
 1.461300E+0001  5.689800E-0001
 1.473700E+0001  3.237300E-0001
 1.486200E+0001  2.060100E-0001
 1.498700E+0001  1.667700E-0001
 1.522200E+0001  1.667700E-0001
 1.545700E+0001  1.667700E-0001
 1.570600E+0001  1.667700E-0001
 1.594100E+0001  1.667700E-0001
 1.643100E+0001  1.667700E-0001

