-------------------- Calculation of excitation temperature --------------------
     T [K]   u(T) [K]          r       Filename
-------------------------------------------------------------------------------
      6552        953       0.85       Z:\home\lukas\code\fyzikalni_praktikum\praktikum3\uloha07-Optická_emisní_spektra_atomů_a_molekul\Ze7.dat (Fe I)
----------------------------------------------------- Peak analysis -----------------------------------------------------
                         wl_db [nm]      wl_0 [nm]     FWHM [nm]   maxval-bg [a.u.]        bg [a.u.]  int-bg [a.u.*nm]     bg [a.u.*nm]  Filename
---------------------------------------------------------------------------------------------------------------------
429.413 4.371 0.71      429.412450    429.412450      0.191013  3.683733333E+003 3.437657822E+002   7.740557402E+002 2.274346837E+002  Ze7.dat
429.924 5.308 5.2       429.923500    429.923500      0.208962  5.213727273E+003 3.087718428E+002   1.165936994E+003 1.855477227E+002  Ze7.dat
430.791 4.434 5.9       430.790200    430.790200      0.243450  1.086112500E+004 8.837411551E+001   2.924078916E+003 9.129907901E+001  Ze7.dat
431.509 5.070 1.5       431.508430    431.508430      0.219164  2.380923077E+003 9.576038585E+000   5.642034663E+002 2.247532549E+000  Ze7.dat
432.576 4.473 6.1       432.576160    432.576160      0.225941  1.159050000E+004 -2.000088449E+001  2.930190154E+003 -2.352258715E+001  Ze7.dat
433.705 4.415 0.23      433.704600    433.704600      0.232043  1.632916667E+003 -4.041755116E+001  4.155602125E+002 -2.923332223E+001  Ze7.dat
435.274 5.070 1.0       435.273440    435.273440      0.196101  1.489428571E+003 -5.929455921E+000  3.415291056E+002 3.582699307E+000  Ze7.dat
436.977 5.882 2.2       436.977150    436.977150      0.342134  8.924117647E+002 -3.691264920E+001  3.309886169E+002 -5.334445972E+001  Ze7.dat
437.593 2.832 0.0094    437.592980    437.592980      0.203077  1.208000000E+003 3.499115508E+000   2.835402437E+002 2.303836232E+000  Ze7.dat
438.357 4.312 7.7       438.354470    438.354470      0.227611  1.448214286E+004 2.983562584E+002   3.585128513E+003 2.026941252E+002  Ze7.dat
440.475 4.371 4.4       440.475010    440.475010      0.244983  1.007500000E+004 -7.750088449E+001  2.992306980E+003 -9.843812869E+001  Ze7.dat
441.512 4.415 2.8       441.512220    441.512220      0.218470  6.617500000E+003 -5.600088449E+001  1.636838742E+003 -4.559800535E+001  Ze7.dat
442.731 2.851 0.0099    442.730960    442.730960      0.170391  9.885000000E+002 3.249991155E+002   1.776674943E+002 1.463118632E+002  Ze7.dat
444.234 4.988 1.1       444.233870    444.233870      0.248166  2.256461538E+003 1.130375770E+002   5.967092852E+002 6.985957188E+001  Ze7.dat
444.772 5.009 1.1       444.771700    444.771700      0.220597  1.356090909E+003 1.004082064E+002   3.163064831E+002 4.527827028E+001  Ze7.dat
445.912 4.955 1.0       445.911730    445.911730      0.351815  1.744384615E+003 1.851145001E+002   5.562733443E+002 1.368439596E+002  Ze7.dat
446.655 5.606 5.3       446.655150    446.655150      0.242222  2.158000000E+003 1.374991155E+002   7.047010637E+002 9.735286490E+001  Ze7.dat
447.602 5.614 5.4       447.601830    447.601779      0.209024  2.269181818E+003 9.731729733E+001   5.267416571E+002 5.802928679E+001  Ze7.dat
448.217 2.875 0.0053    448.216960    448.216960      0.277817  1.719000000E+003 1.254991155E+002   5.184308776E+002 9.862993916E+001  Ze7.dat
449.457 4.955 1.22      449.456290    449.456290      0.195101  2.319000000E+003 8.649911551E+001   5.127698976E+002 4.912486195E+001  Ze7.dat
452.862 4.913 1.8       452.861390    452.861390      0.259014  4.069280000E+003 4.219115508E+000   1.476222643E+003 4.247152625E+000  Ze7.dat
