#====================================================
#Wavelength   Intensity CWavelength  CIntensity  Note
#  [nm]         rel         [nm]       rel.      txt 
#====================================================
# Te = (    312 ±      12) K, r =    1.00 (OHR I)
#===================================================
      303.38094     187.000000000  
      303.38685     220.000000000  
      303.39274     208.000000000  
      303.39866     192.333312988  
      303.40454     212.666656494  
      303.41045     203.666656494  
      303.41633     200.666656494  
      303.42225     219.666656494  
      303.42814     218.000000000  
      303.43402     207.666656494  
      303.43993     200.333312988  
      303.44581     204.333312988  
      303.45173     198.333312988  
      303.45762     206.000000000  
      303.46353     212.333312988  
      303.46941     219.333312988  
      303.47532     207.000000000  
      303.48122     193.666656494  
      303.48710     203.666656494  
      303.49301     195.000000000  
      303.49889     205.000000000  
      303.50481     204.333312988  
      303.51070     221.666656494  
      303.51658     214.333312988  
      303.52249     214.000000000  
      303.52837     215.333312988  
      303.53429     209.666656494  
      303.54018     217.000000000  
      303.54606     198.333312988  
      303.55197     204.333312988  
      303.55785     199.000000000  
      303.56374     229.666656494  
      303.56966     213.666656494  
      303.57554     195.333312988  
      303.58145     216.333312988  
      303.58734     213.666656494  
      303.59322     212.666656494  
      303.59914     206.000000000  
      303.60502     211.333312988  
      303.61090     204.000000000  
      303.61682     204.333312988  
      303.62270     191.666656494  
      303.62859     191.666656494  
      303.63450     204.333312988  
      303.64038     213.000000000  
      303.64627     215.000000000  
      303.65218     210.666656494  
      303.65807     201.333312988  
      303.66395     204.000000000  
      303.66987     208.000000000  
      303.67575     224.666656494  
      303.68163     192.000000000  
      303.68752     224.666656494  
      303.69343     209.333312988  
      303.69932     211.000000000  
      303.70520     211.000000000  
      303.71111     205.333312988  
      303.71700     201.000000000  
      303.72288     212.000000000  
      303.72877     210.333312988  
      303.73468     209.000000000  
      303.74057     201.666656494  
      303.74645     201.666656494  
      303.75237     203.333312988  
      303.75825     211.666656494  
      303.76413     213.666656494  
      303.77002     210.000000000  
      303.77593     212.666656494  
      303.78182     204.333312988  
      303.78770     215.333312988  
      303.79358     198.000000000  
      303.79947     219.666656494  
      303.80538     203.666656494  
      303.81127      13.448042760  
      303.81715      -7.885270228  
      303.82304       3.114729772  
      303.82895       1.114729772  
      303.83483     -10.218613734  
      303.84072       9.781386266  
      303.84660       2.448042760  
      303.85249      -0.551957240  
      303.85840      -1.218613734  
      303.86428      -0.218613734  
      303.87017      -9.218613734  
      303.87605       7.448042760  
      303.88194       9.448042760  
      303.88782       1.781386266  
      303.89374       0.114729772  
      303.89962      -0.218613734  
      303.90550      -0.551957240  
      303.91139       1.781386266  
      303.91727      -5.885270228  
      303.92315     -14.885270228  
      303.92907      -2.885270228  
      303.93496      13.114729772  
      303.94084       8.448042760  
      303.94672     -12.551957240  
      303.95261      -8.218613734  
      303.95849       9.781386266  
      303.96438      15.114729772  
      303.97029      20.114729772  
      303.97617       7.448042760  
      303.98206      -2.551957240  
      303.98795      -4.885270228  
      303.99383       2.114729772  
      303.99971       8.448042760  
      304.00559       3.781386266  
      304.01148      -1.551957240  
      304.01737       2.114729772  
      304.02328       0.448042760  
      304.02916       8.781386266  
      304.03504      -0.885270228  
      304.04093       0.781386266  
      304.04682      13.448042760  
      304.05270      28.781386266  
      304.05858      22.114729772  
      304.06446     -14.885270228  
      304.07036       6.448042760  
      304.07624      -6.218613734  
      304.08212      13.781386266  
      304.08800      17.114729772  
      304.09389       6.781386266  
      304.09978      -7.218613734  
      304.10566       7.114729772  
      304.11157       5.781386266  
      304.11745       3.781386266  
      304.12334     -11.885270228  
      304.12923     -17.218613734  
      304.13511      19.448042760  
      304.14099      12.114729772  
      304.14688       3.781386266  
      304.15276     -30.218613734  
      304.15865       3.448042760  
      304.16453     -16.551957240  
      304.17041      -2.885270228  
      304.17630     -10.885270228  
      304.18218      -1.551957240  
      304.18807      -0.218613734  
      304.19395       9.781386266  
      304.19984      27.448042760  
      304.20572     -15.551957240  
      304.21160       7.448042760  
      304.21749      -7.551957240  
      304.22337       1.448042760  
      304.22926       6.114729772  
      304.23514       6.781386266  
      304.24099      -1.218613734  
      304.24687      -3.218613734  
      304.25277      -8.551957240  
      304.25865       3.114729772  
      304.26453     -11.218613734  
      304.27041      -9.551957240  
      304.27630      15.448042760  
      304.28219      17.781386266  
      304.28807       8.781386266  
      304.29395       7.448042760  
      304.29983       2.114729772  
      304.30572      27.114729772  
      304.31161       4.781386266  
      304.31749       5.781386266  
      304.32337      -4.885270228  
      304.32923     -12.218613734  
      304.33511     -16.551957240  
      304.34100      -7.218613734  
      304.34688      -5.218613734  
      304.35277       7.448042760  
      304.35865      -7.551957240  
      304.36453       9.114729772  
      304.37042      -3.885270228  
      304.37630      -0.885270228  
      304.38216      -0.551957240  
      304.38804      -3.885270228  
      304.39392      -7.551957240  
      304.39980      -1.885270228  
      304.40570      18.114729772  
      304.41158     -23.218613734  
      304.41746      18.781386266  
      304.42334      -9.551957240  
      304.42920      12.781386266  
      304.43509      14.114729772  
      304.44097      32.781386266  
      304.44685      44.448042760  
      304.45274      43.781386266  
      304.45862      17.114729772  
      304.46447      -1.218613734  
      304.47036      -7.885270228  
      304.47625      -8.218613734  
      304.48213     -16.551957240  
      304.48801      11.781386266  
      304.49386      -5.218613734  
      304.49976     -11.551957240  
      304.50564      -5.885270228  
      304.51152      -4.218613734  
      304.51740       2.448042760  
      304.52326      16.114729772  
      304.52915      -4.885270228  
      304.53503      -5.551957240  
      304.54091      -4.885270228  
      304.54679      -2.551957240  
      304.55265      -4.551957240  
      304.55853       0.114729772  
      304.56442     -28.885270228  
      304.57030       4.781386266  
      304.57616       4.448042760  
      304.58204      -3.218613734  
      304.58792     -10.551957240  
      304.59381      18.448042760  
      304.59967       0.781386266  
      304.60555      12.114729772  
      304.61143      -8.218613734  
      304.61731     -16.218613734  
      304.62317     -10.885270228  
      304.62906       5.448042760  
      304.63494      15.781386266  
      304.64079      10.448042760  
      304.64668      10.781386266  
      304.65256       3.114729772  
      304.65845      -2.218613734  
      304.66430      16.781386266  
      304.67019      19.114729772  
      304.67607      -6.218613734  
      304.68192      11.448042760  
      304.68780       7.448042760  
      304.69370       2.114729772  
      304.69955      -0.218613734  
      304.70543     -15.551957240  
      304.71131      -6.551957240  
      304.71717      -6.551957240  
      304.72306       8.781386266  
      304.72894      31.781386266  
      304.73479       1.781386266  
      304.74068      -9.551957240  
      304.74656       0.781386266  
      304.75241      18.114729772  
      304.75830      14.781386266  
      304.76419       5.781386266  
      304.77004       9.781386266  
      304.77592      15.448042760  
      304.78177       7.114729772  
      304.78767       6.781386266  
      304.79355      -4.551957240  
      304.79940      -2.551957240  
      304.80528      11.448042760  
      304.81117      -4.885270228  
      304.81702      -1.885270228  
      304.82291     -12.218613734  
      304.82876      -0.218613734  
      304.83465       9.448042760  
      304.84053      33.114729772  
      304.84638       3.114729772  
      304.85226      32.781386266  
      304.85813      40.114729772  
      304.86401     110.448042760  
      304.86986     161.781386266  
      304.87574     107.448042760  
      304.88163      38.448042760  
      304.88748      25.114729772  
      304.89337       2.114729772  
      304.89922       4.114729772  
      304.90511     -19.218613734  
      304.91096       8.114729772  
      304.91684       6.448042760  
      304.92270      11.781386266  
      304.92859       6.448042760  
      304.93447       1.114729772  
      304.94032       2.448042760  
      304.94620       2.781386266  
      304.95206       8.448042760  
      304.95795       7.448042760  
      304.96380       3.114729772  
      304.96968     -17.885270228  
      304.97554      -1.218613734  
      304.98142      -4.551957240  
      304.98727       0.781386266  
      304.99316      -2.551957240  
      304.99902      -4.885270228  
      305.00490      -4.551957240  
      305.01075      12.114729772  
      305.01663       4.781386266  
      305.02249     -11.218613734  
      305.02838     -10.885270228  
      305.03423      -1.551957240  
      305.04012      13.448042760  
      305.04597      11.781386266  
      305.05182     -16.885270228  
      305.05770     -13.885270228  
      305.06357      16.781386266  
      305.06945      30.114729772  
      305.07530     -13.218613734  
      305.08118      -4.218613734  
      305.08704     -11.885270228  
      305.09292     -10.885270228  
      305.09878      16.781386266  
      305.10463      -9.218613734  
      305.11052     -13.551957240  
      305.11637      -2.551957240  
      305.12225      -5.551957240  
      305.12811      22.114729772  
      305.13397      10.114729772  
      305.13985      -0.551957240  
      305.14570      -7.885270228  
      305.15159      26.448042760  
      305.15744      -3.885270228  
      305.16329      11.448042760  
      305.16918     -15.218613734  
      305.17504     -12.885270228  
      305.18092      -2.551957240  
      305.18677      -7.551957240  
      305.19262     -21.885270228  
      305.19851     -11.885270228  
      305.20437     -14.218613734  
      305.21022      10.448042760  
      305.21610      -8.885270228  
      305.22196     -16.551957240  
      305.22784     -13.551957240  
      305.23369       2.114729772  
      305.23956       3.114729772  
      305.24544       1.448042760  
      305.25129     -21.218613734  
      305.25714     -13.551957240  
      305.26303      -7.885270228  
      305.26888      10.448042760  
      305.27474      -1.885270228  
      305.28062      14.114729772  
      305.28648      13.114729772  
      305.29233      30.114729772  
      305.29818      65.114729772  
      305.30407      74.781386266  
      305.30992     238.448042760  
      305.31578     372.781386266  
      305.32166     285.781386266  
      305.32752     102.114729772  
      305.33337      40.448042760  
      305.33922       5.114729772  
      305.34510      -2.218613734  
      305.35097      11.448042760  
      305.35682       8.114729772  
      305.36270      15.114729772  
      305.36856     -10.885270228  
      305.37441     -20.885270228  
      305.38026       2.114729772  
      305.38615      -8.551957240  
      305.39201      -2.551957240  
      305.39786     -11.551957240  
      305.40371     -10.551957240  
      305.40959      -1.218613734  
      305.41545       7.448042760  
      305.42131      -9.551957240  
      305.42716      -4.885270228  
      305.43302      14.781386266  
      305.43890       5.114729772  
      305.44475      18.114729772  
      305.45060       1.781386266  
      305.45646       9.781386266  
      305.46235     -14.885270228  
      305.46820      10.114729772  
      305.47406       8.448042760  
      305.47991      -3.885270228  
      305.48576      -4.885270228  
      305.49161       2.114729772  
      305.49751      -1.885270228  
      305.50336      17.114729772  
      305.50921       7.114729772  
      305.51507     -18.551957240  
      305.52092     -19.551957240  
      305.52677       5.448042760  
      305.53265      15.781386266  
      305.53852      18.781386266  
      305.54437       4.781386266  
      305.55022       0.781386266  
      305.55608      -6.885270228  
      305.56193       8.114729772  
      305.56781      -2.218613734  
      305.57367      10.448042760  
      305.57953     -14.218613734  
      305.58538       5.781386266  
      305.59123      13.448042760  
      305.59708       2.114729772  
      305.60294      -8.551957240  
      305.60879       1.448042760  
      305.61465       2.114729772  
      305.62054       2.114729772  
      305.62639       1.114729772  
      305.63224     -11.551957240  
      305.63809      -1.551957240  
      305.64395      -0.885270228  
      305.64980       9.781386266  
      305.65566       9.114729772  
      305.66152       7.114729772  
      305.66737     -17.551957240  
      305.67322      12.114729772  
      305.67908       0.114729772  
      305.68493      -4.218613734  
      305.69082      -4.551957240  
      305.69667      10.114729772  
      305.70253       3.781386266  
      305.70838      14.448042760  
      305.71423      -2.885270228  
      305.72008      -0.885270228  
      305.72594      15.448042760  
      305.73180       7.448042760  
      305.73765       8.448042760  
      305.74351      34.448042760  
      305.74936      18.448042760  
      305.75521      39.448042760  
      305.76107      84.781386266  
      305.76692     121.781386266  
      305.77278     282.114729772  
      305.77863     618.781386266  
      305.78449     631.781386266  
      305.79034     307.448042760  
      305.79619     102.114729772  
      305.80205      21.448042760  
      305.80790       0.114729772  
      305.81376       7.781386266  
      305.81961      21.781386266  
      305.82547       4.114729772  
      305.83132       1.114729772  
      305.83717       5.114729772  
      305.84303       7.114729772  
      305.84888      14.114729772  
      305.85474       2.114729772  
      305.86059      -9.885270228  
      305.86645       0.448042760  
      305.87227      13.114729772  
      305.87812      15.448042760  
      305.88398      17.448042760  
      305.88983     -19.551957240  
      305.89569     -15.551957240  
      305.90155      13.781386266  
      305.90740       7.781386266  
      305.91325       9.448042760  
      305.91910     -17.218613734  
      305.92496       5.781386266  
      305.93081       0.781386266  
      305.93667      17.781386266  
      305.94250       8.448042760  
      305.94835      -7.885270228  
      305.95420       6.114729772  
      305.96006      31.114729772  
      305.96591       3.448042760  
      305.97176      -9.551957240  
      305.97761       7.781386266  
      305.98348      -0.218613734  
      305.98930      -2.551957240  
      305.99515      12.114729772  
      306.00101      -7.885270228  
      306.00686       9.114729772  
      306.01271       1.781386266  
      306.01857      12.114729772  
      306.02443      28.114729772  
      306.03025      -6.218613734  
      306.03610      -8.551957240  
      306.04196       4.448042760  
      306.04781      11.781386266  
      306.05366       9.114729772  
      306.05952       8.781386266  
      306.06535      18.114729772  
      306.07120       4.448042760  
      306.07706      20.781386266  
      306.08291      19.781386266  
      306.08876     -14.551957240  
      306.09459      -4.218613734  
      306.10044       0.781386266  
      306.10629      17.114729772  
      306.11215       2.781386266  
      306.11801       4.114729772  
      306.12383       7.448042760  
      306.12968       7.114729772  
      306.13554       6.114729772  
      306.14139      17.448042760  
      306.14721      -4.885270228  
      306.15308      15.781386266  
      306.15893       6.448042760  
      306.16478       2.448042760  
      306.17063      -0.218613734  
      306.17646     -11.885270228  
      306.18231      -2.218613734  
      306.18816      -3.218613734  
      306.19399       3.448042760  
      306.19985      10.114729772  
      306.20570      -0.551957240  
      306.21156       9.448042760  
      306.21738      11.448042760  
      306.22323      28.781386266  
      306.22909      52.448042760  
      306.23494      88.114729772  
      306.24076     113.114729772  
      306.24662     165.114729772  
      306.25248     497.448042760  
      306.25830     847.448042760  
      306.26415     607.448042760  
      306.27001     239.781386266  
      306.27583      79.448042760  
      306.28168      40.114729772  
      306.28755      24.448042760  
      306.29337      10.448042760  
      306.29922      15.114729772  
      306.30508      27.114729772  
      306.31090      13.114729772  
      306.31675     206.333312988  
      306.32261     210.666656494  
      306.32843     238.000000000  
      306.33429     239.333312988  
      306.34014     263.000000000  
      306.34597     299.666656494  
      306.35182     341.000000000  
      306.35767     464.666656494  
      306.36350     637.333312988  
      306.36935     636.333312988  
      306.37517     818.333312988  
      306.38104     874.666656494  
      306.38689     618.333312988  
      306.39271     394.000000000  
      306.39857     371.333312988  
      306.40439     356.000000000  
      306.41024     348.666656494  
      306.41610     435.333312988  
      306.42192     735.000000000  
      306.42778     964.666656494  
      306.43361     749.000000000  
      306.43946     467.000000000  
      306.44531     333.666656494  
      306.45114     305.333312988  
      306.45699     285.666656494  
      306.46281     261.666656494  
      306.46867     248.000000000  
      306.47449     297.333312988  
      306.48035     320.333312988  
      306.48617     407.333312988  
      306.49203     613.666656494  
      306.49788    1063.333312988  
      306.50370    1202.666656494  
      306.50956     941.000000000  
      306.51538     885.000000000  
      306.52123     638.000000000  
      306.52707     387.000000000  
      306.53292     268.333312988  
      306.53874     261.000000000  
      306.54460     259.333312988  
      306.55042     239.666656494  
      306.55627     240.333312988  
      306.56210     231.333312988  
      306.56795     303.333312988  
      306.57378     366.333312988  
      306.57964     412.333312988  
      306.58546     470.666656494  
      306.59131     744.000000000  
      306.59714    1491.333312988  
      306.60299    2442.333312988  
      306.60881    1878.333312988  
      306.61467    1291.000000000  
      306.62049     895.666656494  
      306.62632     576.666656494  
      306.63218     504.333312988  
      306.63800     512.333312988  
      306.64385     391.333312988  
      306.64968     301.000000000  
      306.65553     264.666656494  
      306.66135     265.000000000  
      306.66721     252.333312988  
      306.67304     256.666656494  
      306.67886     235.333312988  
      306.68472     289.333312988  
      306.69054     321.666656494  
      306.69639     393.666656494  
      306.70222     532.333312988  
      306.70804     655.666656494  
      306.71389     934.333312988  
      306.71972    1767.666656494  
      306.72558    3747.333312988  
      306.73140    4521.000000000  
      306.73723    3271.666656494  
      306.74308    2272.333312988  
      306.74890    1129.666656494  
      306.75475     562.666656494  
      306.76058     454.666656494  
      306.76640     591.666656494  
      306.77225     739.333312988  
      306.77809     730.333312988  
      306.78391     702.000000000  
      306.78976     680.000000000  
      306.79559     852.666656494  
      306.80141     790.000000000  
      306.80726     496.666656494  
      306.81309     351.666656494  
      306.81891     311.666656494  
      306.82477     406.666656494  
      306.83060     538.333312988  
      306.83642     591.666656494  
      306.84227     634.666656494  
      306.84810     784.000000000  
      306.85392    1075.000000000  
      306.85978    1592.666656494  
      306.86560    3089.666656494  
      306.87142    6215.666656494  
      306.87725    7741.000000000  
      306.88311    6148.000000000  
      306.88893    3655.000000000  
      306.89476    1516.000000000  
      306.90061     650.000000000  
      306.90643     432.666656494  
      306.91226     414.333312988  
      306.91808     605.000000000  
      306.92393     646.000000000  
      306.92976     436.000000000  
      306.93558     340.666656494  
      306.94141     303.666656494  
      306.94727     297.000000000  
      306.95309     305.333312988  
      306.95891     332.000000000  
      306.96474     422.333312988  
      306.97059     531.333312988  
      306.97641     498.333312988  
      306.98224     400.000000000  
      306.98806     425.333312988  
      306.99388     544.333312988  
      306.99975     647.000000000  
      307.00557     819.666656494  
      307.01139    1101.000000000  
      307.01722    1490.333312988  
      307.02307    2343.666656494  
      307.02889    5322.666656494  
      307.03472    9988.333312988  
      307.04054   10640.666656494  
      307.04636    7548.000000000  
      307.05220    3744.000000000  
      307.05805    1583.666656494  
      307.06387     742.666656494  
      307.06970     418.666656494  
      307.07552     348.000000000  
      307.08135     313.000000000  
      307.08717     308.000000000  
      307.09302     303.000000000  
      307.09885     287.000000000  
      307.10467     296.333312988  
      307.11050     382.333312988  
      307.11633     488.666656494  
      307.12215     458.333312988  
      307.12797     346.333312988  
      307.13383     288.000000000  
      307.13965     307.333312988  
      307.14547     298.333312988  
      307.15130     288.666656494  
      307.15712     317.000000000  
      307.16294     360.333312988  
      307.16878     512.333312988  
      307.17460     778.666656494  
      307.18042    1109.000000000  
      307.18625    1414.000000000  
      307.19210    2281.000000000  
      307.19792    5061.333312988  
      307.20375    9800.666656494  
      307.20957   10806.666656494  
      307.21540    6771.666656494  
      307.22122    4122.333312988  
      307.22705    2478.333312988  
      307.23288    1308.666656494  
      307.23870     706.666656494  
      307.24452     432.666656494  
      307.25035     349.666656494  
      307.25617     326.000000000  
      307.26199     311.000000000  
      307.26782     284.666656494  
      307.27364     297.333312988  
      307.27946     278.333312988  
      307.28529     300.333312988  
      307.29112     315.333312988  
      307.29695     352.666656494  
      307.30277     414.333312988  
      307.30859     405.666656494  
      307.31442     349.333312988  
      307.32024     288.666656494  
      307.32606     263.666656494  
      307.33189     255.333312988  
      307.33771     270.666656494  
      307.34353     254.666656494  
      307.34936     261.666656494  
      307.35519     268.666656494  
      307.36101     280.666656494  
      307.36684     271.333312988  
      307.37266     261.333312988  
      307.37849     276.666656494  
      307.38431     261.333312988  
      307.39013     268.666656494  
      307.39596     289.000000000  
      307.40178     334.666656494  
      307.40760     416.666656494  
      307.41343     502.666656494  
      307.41926     577.333312988  
      307.42508     861.333312988  
      307.43091    1813.333312988  
      307.43673    3492.333312988  
      307.44255    3298.666656494  
      307.44835    1604.333312988  
      307.45417     707.333312988  
      307.46000     399.000000000  
      307.46582     307.000000000  
      307.47164     286.000000000  
      307.47747     271.000000000  
      307.48330     245.666656494  
      307.48912     282.000000000  
      307.49495     269.666656494  
      307.50077     287.000000000  
      307.50656     348.000000000  
      307.51239     401.666656494  
      307.51821     399.666656494  
      307.52404     371.666656494  
      307.52986     364.000000000  
      307.53568     411.000000000  
      307.54151     378.000000000  
      307.54730     310.666656494  
      307.55313     274.333312988  
      307.55896     252.000000000  
      307.56478     243.333312988  
      307.57060     256.000000000  
      307.57643     278.333312988  
      307.58222     255.666656494  
      307.58805     255.000000000  
      307.59387     268.000000000  
      307.59969     263.666656494  
      307.60552     279.333312988  
      307.61134     255.666656494  
      307.61713     250.333312988  
      307.62297     257.666656494  
      307.62879     250.666656494  
      307.63462     262.000000000  
      307.64041     275.666656494  
      307.64623     266.666656494  
      307.65206     251.666656494  
      307.65788     281.000000000  
      307.66370     351.000000000  
      307.66950     418.000000000  
      307.67532     592.666656494  
      307.68115     730.000000000  
      307.68697     915.666656494  
      307.69277    1723.666656494  
      307.69860    3946.000000000  
      307.70442    5544.000000000  
      307.71024    3480.666656494  
      307.71604    1467.666656494  
      307.72186     649.666656494  
      307.72768     377.000000000  
      307.73351     317.333312988  
      307.73930     296.333312988  
      307.74513     315.000000000  
      307.75095     295.666656494  
      307.75674     318.333312988  
      307.76257     307.333312988  
      307.76840     316.000000000  
      307.77422     311.666656494  
      307.78002     363.666656494  
      307.78584     354.000000000  
      307.79167     385.666656494  
      307.79746     498.333312988  
      307.80328     772.000000000  
      307.80911    1282.666656494  
      307.81490    2162.666656494  
      307.82073    3109.666656494  
      307.82655    4194.666656494  
      307.83234    7647.666656494  
      307.83817   19137.333312988  
      307.84400   35018.333312988  m_OHR I 307.84400 nm "1 3/2     Q1"
      307.84977   29481.000000000  
      307.85558   13012.666656494  
      307.86139    4440.666656494  
      307.86717    1499.333312988  
      307.87298     741.333312988  
      307.87876     538.000000000  
      307.88458     478.333312988  
      307.89039     426.333312988  
      307.89618     399.000000000  
      307.90200     400.333312988  
      307.90779     382.000000000  
      307.91361     383.333312988  
      307.91945     388.666656494  
      307.92524     394.333312988  
      307.93107     385.333312988  
      307.93687     417.333312988  
      307.94270     452.666656494  
      307.94853     532.000000000  
      307.95433     755.666656494  
      307.96016    1351.666656494  
      307.96597    2345.333312988  
      307.97180    3483.666656494  
      307.97761    4739.666656494  
      307.98345    9095.666656494  
      307.98929   22650.333312988  
      307.99510   37764.000000000  m_OHR I 307.99510 nm "2 5/2     Q1"
      308.00095   30766.333312988  
      308.00676   15017.000000000  
      308.01261    6796.333312988  
      308.01842    6264.666656494  
      308.02427    6874.000000000  
      308.03008    3917.333312988  
      308.03593    1777.000000000  
      308.04175     807.666656494  
      308.04760     562.333312988  
      308.05342     479.000000000  
      308.05927     457.666656494  
      308.06509     468.666656494  
      308.07094     429.333312988  
      308.07676     442.000000000  
      308.08262     432.000000000  
      308.08844     448.666656494  
      308.09430     484.333312988  
      308.10013     509.666656494  
      308.10598     577.000000000  
      308.11181     742.666656494  
      308.11766    1217.000000000  
      308.12349    2140.333312988  
      308.12935    3401.000000000  
      308.13517    4910.666656494  
      308.14103    8192.333312988  
      308.14686   17720.666656494  
      308.15269   34237.000000000  
      308.15854   41069.666656494  
      308.16437   40687.333312988  
      308.17023   27808.666656494  
      308.17606   11589.333312988  
      308.18192    4032.666656494  
      308.18775    1517.333312988  
      308.19358     890.333312988  
      308.19944     683.333312988  
      308.20526     655.666656494  
      308.21112     586.666656494  
      308.21695     492.666656494  
      308.22277     466.333312988  
      308.22863     471.333312988  
      308.23446     467.000000000  
      308.24031     446.333312988  
      308.24614     448.333312988  
      308.25196     422.000000000  
      308.25782     429.000000000  
      308.26364     432.666656494  
      308.26950     436.000000000  
      308.27533     436.000000000  
      308.28115     488.000000000  
      308.28700     624.333312988  
      308.29283     969.666656494  
      308.29865    1519.000000000  
      308.30450    2095.333312988  
      308.31032    2828.333312988  
      308.31614    5417.666656494  
      308.32198   13197.000000000  
      308.32780   21250.666656494  m_OHR I 308.32780 nm "4 9/2     Q1"
      308.33362   16074.666656494  
      308.33946    8398.000000000  
      308.34528    3465.666656494  
      308.35109    1418.666656494  
      308.35693     703.333312988  
      308.36274     578.333312988  
      308.36855     547.666656494  
      308.37437     650.333312988  
      308.38021     761.000000000  
      308.38602     883.666656494  
      308.39183    1289.000000000  
      308.39767    2860.666656494  
      308.40347    4865.666656494  
      308.40928    3983.000000000  
      308.41509    1916.333312988  
      308.42092     841.333312988  
      308.42672     492.666656494  
      308.43253     396.000000000  
      308.43833     408.000000000  
      308.44416     378.333312988  
      308.44996     368.333312988  
      308.45576     386.666656494  
      308.46156     374.666656494  
      308.46739     407.333312988  
      308.47319     419.666656494  
      308.47899     514.333312988  
      308.48480     769.333312988  
      308.49059    1084.666656494  
      308.49642    1400.000000000  
      308.50221    1752.333312988  
      308.50801    3343.666656494  
      308.51381    7953.000000000  
      308.51960   12151.333312988  m_OHR I 308.51960 nm "5 11/2    Q1"
      308.52542    8646.333312988  
      308.53122    4494.333312988  
      308.53701    2042.666656494  
      308.54280     940.000000000  
      308.54859     597.666656494  
      308.55442     453.333312988  
      308.56021     407.333312988  
      308.56600     394.666656494  
      308.57179     429.000000000  
      308.57758     405.333312988  
      308.58337     444.000000000  
      308.58916     481.666656494  
      308.59498     572.666656494  
      308.60077     985.333312988  
      308.60656    1660.666656494  
      308.61234    2546.000000000  
      308.61813    3348.000000000  
      308.62391    5440.000000000  
      308.62970   13170.666656494  
      308.63551   27593.333312988  
      308.64130   27565.333312988  
      308.64708   13140.666656494  
      308.65286    4813.000000000  
      308.65865    1593.666656494  
      308.66443     838.666656494  
      308.67021     571.333312988  
      308.67599     451.333312988  
      308.68177     455.666656494  
      308.68755     454.666656494  
      308.69333     466.666656494  
      308.69913     557.333312988  
      308.70491     714.333312988  
      308.71069     868.000000000  
      308.71646    1095.000000000  
      308.72225    2051.666656494  
      308.72803    4472.000000000  
      308.73380    5888.333312988  m_OHR I 308.73380 nm "6 13/2    Q1"
      308.73958    3711.000000000  
      308.74537    2011.000000000  
      308.75115    1039.333312988  
      308.75694     578.666656494  
      308.76272     424.000000000  
      308.76851     384.000000000  
      308.77429     347.666656494  
      308.78008     359.333312988  
      308.78586     374.333312988  
      308.79165     317.333312988  
      308.79743     316.000000000  
      308.80322     330.000000000  
      308.80900     342.666656494  
      308.81479     343.666656494  
      308.82057     331.000000000  
      308.82636     322.000000000  
      308.83214     312.666656494  
      308.83792     333.000000000  
      308.84371     346.666656494  
      308.84949     325.666656494  
      308.85528     323.333312988  
      308.86106     338.666656494  
      308.86686     339.333312988  
      308.87264     327.000000000  
      308.87843     331.666656494  
      308.88421     344.666656494  
      308.89000     368.666656494  
      308.89578     401.333312988  
      308.90157     416.666656494  
      308.90732     361.333312988  
      308.91311      83.000000000  
      308.91889    -784.000000000  
      308.92468     438.666656494  
      308.93046     549.333312988  
      308.93624     722.333312988  
      308.94203    1227.666656494  
      308.94781    2249.000000000  
      308.95360    3750.333312988  
      308.95938    5657.333312988  
      308.96517    9515.333312988  
      308.97092   19542.666656494  
      308.97671   37605.333312988  
      308.98249   49080.333312988  
      308.98828   32404.666656494  
      308.99406   13487.000000000  
      308.99985    5201.666656494  
      309.00563    3170.666656494  
      309.01139    3536.000000000  
      309.01717    5371.000000000  
      309.02296    9441.666656494  
      309.02875   16692.666656494  
      309.03454   23854.000000000  
      309.04032   25574.666656494  
      309.04611   21974.333312988  
      309.05186   11518.333312988  
      309.05765    4561.000000000  
      309.06343    1805.000000000  
      309.06921    1073.333312988  
      309.07500     999.000000000  
      309.08075    1455.333312988  
      309.08654    2284.000000000  
      309.09232    3088.666656494  
      309.09811    4266.000000000  
      309.10389    8263.333312988  
      309.10965   19944.666656494  
      309.11543   31280.000000000  
      309.12122   23950.000000000  
      309.12700   15586.000000000  
      309.13279   12638.666656494  
      309.13854    7384.000000000  
      309.14433    3174.666656494  
      309.15011    1377.333312988  
      309.15590     766.333312988  
      309.16165     594.333312988  
      309.16744     521.000000000  
      309.17322     487.666656494  
      309.17901     486.000000000  
      309.18476     465.000000000  
      309.19055     440.333312988  
      309.19633     455.666656494  
      309.20212     460.333312988  
      309.20787     474.000000000  
      309.21366     517.333312988  
      309.21945     549.666656494  
      309.22521     736.333312988  
      309.23099    1220.333312988  
      309.23678    1474.000000000  
      309.24253    1206.333312988  
      309.24832    1052.666656494  
      309.25410    1174.666656494  
      309.25989    1564.000000000  
      309.26564    2555.000000000  
      309.27143    4601.666656494  
      309.27721    4675.666656494  
      309.28297    2521.666656494  
      309.28875    1187.333312988  
      309.29453     596.666656494  
      309.30029     481.333312988  
      309.30607     424.000000000  
      309.31186     411.666656494  
      309.31761     436.333312988  
      309.32340     488.000000000  
      309.32916     661.000000000  
      309.33494     998.000000000  
      309.34072    1406.000000000  
      309.34648    1830.000000000  
      309.35226    2720.666656494  
      309.35805    6134.000000000  
      309.36380   12994.666656494  
      309.36959   14422.000000000  
      309.37534    7641.666656494  
      309.38113    2978.666656494  
      309.38691    1110.333312988  
      309.39267     599.666656494  
      309.39845     476.333312988  
      309.40421     429.000000000  
      309.40999     413.000000000  
      309.41575     416.000000000  
      309.42153     451.000000000  
      309.42732     508.666656494  
      309.43307     602.333312988  
      309.43886     724.333312988  
      309.44461     964.333312988  
      309.45040    1701.333312988  
      309.45615    2399.000000000  
      309.46194    1826.333312988  
      309.46769     959.666656494  
      309.47348     526.666656494  
      309.47926     427.000000000  
      309.48502     409.666656494  
      309.49081     406.333312988  
      309.49657     408.333312988  
      309.50235     410.333312988  
      309.50811     402.666656494  
      309.51389     468.333312988  
      309.51965     619.333312988  
      309.52543     940.333312988  
      309.53119     962.666656494  
      309.53697     647.666656494  
      309.54273     496.666656494  
      309.54851     480.666656494  
      309.55427     463.666656494  
      309.56005     491.000000000  
      309.56581     607.333312988  
      309.57157    1048.666656494  
      309.57735    1728.000000000  
      309.58311    2399.000000000  
      309.58889    3497.666656494  
      309.59465    6889.333312988  
      309.60043   16707.666656494  
      309.60619   24794.000000000  
      309.61197   18797.000000000  
      309.61773   13880.333312988  
      309.62348   19938.666656494  
      309.62927   24939.666656494  
      309.63502   16228.333312988  
      309.64081    6847.666656494  
      309.64656    2481.333312988  
      309.65235    1114.666656494  
      309.65810     799.000000000  
      309.66386     733.333312988  
      309.66964     991.000000000  
      309.67540    1273.000000000  
      309.68118    1097.333312988  
      309.68694     701.666656494  
      309.69269     474.333312988  
      309.69848     402.666656494  
      309.70423     374.000000000  
      309.70999     341.000000000  
      309.71577     341.333312988  
      309.72153     343.333312988  
      309.72731     346.333312988  
      309.73307     322.000000000  
      309.73882     302.666656494  
      309.74461     331.666656494  
      309.75036     320.666656494  
      309.75612     349.000000000  
      309.76190     318.000000000  
      309.76766     325.333312988  
      309.77341     313.000000000  
      309.77920     325.666656494  
      309.78495     334.333312988  
      309.79071     326.666656494  
      309.79646     330.000000000  
      309.80225     322.333312988  
      309.80801     326.333312988  
      309.81376     300.000000000  
      309.81955     305.666656494  
      309.82530     337.333312988  
      309.83106     387.666656494  
      309.83684     374.666656494  
      309.84260     604.333312988  
      309.84835     950.666656494  
      309.85411     917.000000000  
      309.85989     664.000000000  
      309.86565     469.333312988  
      309.87140     367.666656494  
      309.87716     364.000000000  
      309.88294     350.333312988  
      309.88870     323.000000000  
      309.89445     387.333312988  
      309.90021     419.333312988  
      309.90599     585.000000000  
      309.91175     943.333312988  
      309.91750    1681.333312988  
      309.92326    2630.666656494  
      309.92901    3831.666656494  
      309.93480    6346.666656494  
      309.94055   13960.333312988  
      309.94631   25450.666656494  
      309.95207   26174.000000000  
      309.95782   14612.333312988  
      309.96361    5687.333312988  
      309.96936    1946.333312988  
      309.97512     862.666656494  
      309.98087     565.333312988  
      309.98663     464.666656494  
      309.99241     405.333312988  
      309.99817     412.000000000  
      310.00392     379.000000000  
      310.00968     353.333312988  
      310.01543     360.000000000  
      310.02119     345.333312988  
      310.02694     346.000000000  
      310.03273     347.333312988  
      310.03848     357.666656494  
      310.04424     337.000000000  
      310.05000     346.666656494  
      310.05575     334.333312988  
      310.06151     374.000000000  
      310.06726     386.666656494  
      310.07302     451.666656494  
      310.07880     651.000000000  
      310.08456    1059.666656494  
      310.09031    1465.000000000  
      310.09607    1957.333312988  
      310.10182    3583.333312988  
      310.10758    8810.333312988  
      310.11333   14341.000000000  
      310.11909   11135.333312988  
      310.12484    4893.000000000  
      310.13060    1792.666656494  
      310.13636     749.000000000  
      310.14211     459.333312988  
      310.14790     393.333312988  
      310.15365     381.666656494  
      310.15941     343.000000000  
      310.16516     314.333312988  
      310.17092     354.666656494  
      310.17667     389.333312988  
      310.18243     407.666656494  
      310.18818     409.333312988  
      310.19394     593.000000000  
      310.19969     947.666656494  
      310.20545    1217.333312988  
      310.21120     936.333312988  
      310.21696     760.666656494  
      310.22272     929.333312988  
      310.22847     984.333312988  
      310.23423     678.333312988  
      310.23998     421.000000000  
      310.24574     328.000000000  
      310.25149     302.000000000  
      310.25725     314.333312988  
      310.26300     338.333312988  
      310.26876     355.666656494  
      310.27451     381.666656494  
      310.28027     526.666656494  
      310.28602     827.333312988  
      310.29178    1337.666656494  
      310.29754    1977.333312988  
      310.30329    2945.000000000  
      310.30905    5800.666656494  
      310.31477   11854.666656494  
      310.32053   17866.333312988  
      310.32628   16785.333312988  
      310.33204    8896.666656494  
      310.33779    3431.666656494  
      310.34355    1229.333312988  
      310.34930     627.666656494  
      310.35506     438.333312988  
      310.36082     370.333312988  
      310.36657     354.000000000  
      310.37233     340.000000000  
      310.37808     355.333312988  
      310.38380     286.000000000  
      310.38955     300.333312988  
      310.39531     313.000000000  
      310.40106     311.000000000  
      310.40682     304.666656494  
      310.41257     296.666656494  
      310.41833     306.666656494  
      310.42409     310.666656494  
      310.42981     323.333312988  
      310.43557     310.333312988  
      310.44132     287.333312988  
      310.44708     284.666656494  
      310.45283     298.000000000  
      310.45859     296.333312988  
      310.46431     285.000000000  
      310.47007     292.666656494  
      310.47583     294.333312988  
      310.48158     276.666656494  
      310.48734     274.000000000  
      310.49309     280.666656494  
      310.49882     247.666656494  
      310.50457     284.333312988  
      310.51033     274.000000000  
      310.51608     290.333312988  
      310.52184     301.333312988  
      310.52756     345.333312988  
      310.53332     370.000000000  
      310.53908     378.333312988  
      310.54483     533.333312988  
      310.55056     874.666656494  
      310.55631    1067.333312988  
      310.56207     946.333312988  
      310.56782     817.666656494  
      310.57358     787.333312988  
      310.57930    1166.666656494  
      310.58506    2407.333312988  
      310.59082    4375.000000000  
      310.59654    4361.000000000  
      310.60230    2464.000000000  
      310.60805    1278.333312988  
      310.61381     950.333312988  
      310.61953    1005.000000000  
      310.62529    1232.000000000  
      310.63104    2229.000000000  
      310.63680    5166.000000000  
      310.64253    7749.333312988  
      310.64827    5790.666656494  
      310.65403    2609.333312988  
      310.65975    1042.000000000  
      310.66551     493.000000000  
      310.67126     350.333312988  
      310.67699     328.000000000  
      310.68275     311.000000000  
      310.68850     321.333312988  
      310.69423     365.333312988  
      310.69998     463.333312988  
      310.70574     651.666656494  
      310.71146     999.000000000  
      310.71722    1480.333312988  
      310.72297    2367.000000000  
      310.72870    4542.666656494  
      310.73446    8003.000000000  
      310.74021   11336.333312988  
      310.74594   10626.000000000  
      310.75169    5487.000000000  
      310.75742    2182.666656494  
      310.76317     823.333312988  
      310.76893     476.333312988  
      310.77466     403.000000000  
      310.78041     342.666656494  
      310.78617     330.000000000  
      310.79189     289.333312988  
      310.79765     310.000000000  
      310.80337     271.000000000  
      310.80913     271.333312988  
      310.81486     269.666656494  
      310.82061     266.000000000  
      310.82637     282.666656494  
      310.83209     281.333312988  
      310.83785     247.333312988  
      310.84356     276.000000000  
      310.84932     255.000000000  
      310.85505     279.666656494  
      310.86080     243.000000000  
      310.86653     230.333312988  
      310.87228     253.000000000  
      310.87804     239.000000000  
      310.88376     288.000000000  
      310.88952     306.666656494  
      310.89525     329.000000000  
      310.90100     348.666656494  
      310.90673     396.666656494  
      310.91248     654.000000000  
      310.91821     958.666656494  
      310.92396     914.000000000  
      310.92969     557.333312988  
      310.93544     352.666656494  
      310.94117     280.666656494  
      310.94693     265.333312988  
      310.95265     251.000000000  
      310.95841     246.000000000  
      310.96413     258.333312988  
      310.96989     265.333312988  
      310.97562     282.000000000  
      310.98134     287.666656494  
      310.98710     289.000000000  
      310.99282     253.000000000  
      310.99857    -633.666687012  
      311.00429     768.666656494  
      311.01005     959.000000000  
      311.01578     694.000000000  
      311.02153     425.666656494  
      311.02726     315.000000000  
      311.03298     277.000000000  
      311.03874     264.000000000  
      311.04447     278.666656494  
      311.05022     247.333312988  
      311.05595     239.333312988  
      311.06167     238.666656494  
      311.06743     227.666656494  
      311.07315     229.666656494  
      311.07891     251.333312988  
      311.08464     252.666656494  
      311.09036     242.000000000  
      311.09612     243.000000000  
      311.10184     230.000000000  
      311.10760     248.666656494  
      311.11332     248.333312988  
      311.11905     240.333312988  
      311.12481     256.333312988  
      311.13053     248.333312988  
      311.13625     260.666656494  
      311.14200     268.333312988  
      311.14773     257.333312988  
      311.15346     317.333312988  
      311.15921     419.333312988  
      311.16494     585.000000000  
      311.17066     883.000000000  
      311.17642    1245.000000000  
      311.18214    2125.666656494  
      311.18787    4365.333312988  
      311.19363    7039.666656494  
      311.19935    8527.000000000  
      311.20508    7541.666656494  
      311.21080    4267.000000000  
      311.21656    1771.666656494  
      311.22229     712.333312988  
      311.22801     411.666656494  
      311.23377     312.000000000  
      311.23949     281.666656494  
      311.24522     308.333312988  
      311.25095     297.333312988  
      311.25670     353.333312988  
      311.26242     408.666656494  
      311.26814     506.000000000  
      311.27387     601.666656494  
      311.27962     878.333312988  
      311.28535    1914.333312988  
      311.29108    3147.000000000  
      311.29680    2719.333312988  
      311.30256    1486.666656494  
      311.30828     771.666656494  
      311.31401     756.000000000  
      311.31974     910.000000000  
      311.32546     861.666656494  
      311.33122     507.666656494  
      311.33694     346.666656494  
      311.34267     266.666656494  
      311.34840     252.000000000  
      311.35412     228.000000000  
      311.35988     219.333312988  
      311.36560     240.000000000  
      311.37132     236.333312988  
      311.37705     227.666656494  
      311.38277     245.000000000  
      311.38850     221.333312988  
      311.39425     230.000000000  
      311.39998     225.000000000  
      311.40571     250.333312988  
      311.41143     257.333312988  
      311.41716     239.333312988  
      311.42288     241.666656494  
      311.42861     261.000000000  
      311.43437     295.333312988  
      311.44009     319.000000000  
      311.44582     382.000000000  
      311.45154     487.000000000  
      311.45727     727.000000000  
      311.46300     800.000000000  
      311.46872     543.333312988  
      311.47444     351.000000000  
      311.48016     268.333312988  
      311.48592     239.666656494  
      311.49165     237.333312988  
      311.49737     227.333312988  
      311.50310     243.000000000  
      311.50882     226.666656494  
      311.51455     224.000000000  
      311.52028     235.666656494  
      311.52600     221.666656494  
      311.53173     225.333312988  
      311.53745     234.666656494  
      311.54318     229.666656494  
      311.54891     220.333312988  
      311.55463     231.000000000  
      311.56036     246.333312988  
      311.56608     277.333312988  
      311.57180     243.666656494  
      311.57753     242.666656494  
      311.58325     224.000000000  
      311.58898     253.333312988  
      311.59473     252.000000000  
      311.60046     248.333312988  
      311.60619     259.333312988  
      311.61191     242.666656494  
      311.61764     247.000000000  
      311.62334     239.000000000  
      311.62906     245.666656494  
      311.63479     235.000000000  
      311.64051     246.000000000  
      311.64624     242.000000000  
      311.65197     257.333312988  
      311.65769     269.000000000  
      311.66341     310.000000000  
      311.66913     358.666656494  
      311.67486     529.333312988  
      311.68059     740.333312988  
      311.68631    1141.666656494  
      311.69204    1647.333312988  
      311.69776    2667.666656494  
      311.70349    3072.000000000  
      311.70922    1964.000000000  
      311.71494     940.333312988  
      311.72067     442.000000000  
      311.72640     296.333312988  
      311.73209     325.000000000  
      311.73782     335.333312988  
      311.74354     430.000000000  
      311.74926     577.333312988  
      311.75499     899.333312988  
      311.76071    1223.000000000  
      311.76644    1570.666656494  
      311.77216    1744.333312988  
      311.77789    1154.333312988  
      311.78362     614.333312988  
      311.78931     353.000000000  
      311.79504     274.666656494  
      311.80077     220.666656494  
      311.80649     228.000000000  
      311.81222     231.000000000  
      311.81794     219.000000000  
      311.82364     218.333312988  
      311.82936     200.333312988  
      311.83508     210.000000000  
      311.84081     194.000000000  
      311.84654     216.333312988  
      311.85226     227.666656494  
      311.85796     217.333312988  
      311.86368     198.000000000  
      311.86941     220.333312988  
      311.87514     215.333312988  
      311.88086     211.666656494  
      311.88656     200.333312988  
      311.89229     204.000000000  
      311.89801     213.000000000  
      311.90374     231.000000000  
      311.90945     233.000000000  
      311.91515     248.000000000  
      311.92088     255.666656494  
      311.92660     269.000000000  
      311.93233     283.333312988  
      311.93803     348.000000000  
      311.94375     538.000000000  
      311.94948     680.000000000  
      311.95520     502.000000000  
      311.96090     337.333312988  
      311.96663     242.333312988  
      311.97235     208.666656494  
      311.97808     211.333312988  
      311.98377     219.333312988  
      311.98949     205.666656494  
      311.99522     207.333312988  
      312.00091     216.000000000  
      312.00664     263.000000000  
      312.01237     338.333312988  
      312.01809     399.000000000  
      312.02379     494.333312988  
      312.02952     839.666656494  
      312.03524    1635.333312988  
      312.04094    1934.333312988  
      312.04666    1293.333312988  
      312.05239     620.666656494  
      312.05808     346.333312988  
      312.06380     270.666656494  
      312.06953     239.333312988  
      312.07523     249.333312988  
      312.08095     223.000000000  
      312.08668     221.666656494  
      312.09238     204.666656494  
      312.09810     219.000000000  
      312.10383     209.333312988  
      312.10952     211.000000000  
      312.11525     206.666656494  
      312.12095     214.666656494  
      312.12666     220.000000000  
      312.13239     198.666656494  
      312.13809     217.000000000  
      312.14381     233.000000000  
      312.14951     242.666656494  
      312.15523     254.333312988  
      312.16096     269.333312988  
      312.16666     291.666656494  
      312.17238     275.666656494  
      312.17808     254.000000000  
      312.18381     237.333312988  
      312.18953     270.666656494  
      312.19522     267.666656494  
      312.20095     319.000000000  
      312.20664     380.000000000  
      312.21237     521.000000000  
      312.21807     627.333312988  
      312.22379     856.333312988  
      312.22949    1386.666656494  
      312.23521    1771.666656494  
      312.24094    1474.666656494  
      312.24664     811.000000000  
      312.25236     418.666656494  
      312.25806     283.666656494  
      312.26378     248.666656494  
      312.26947     259.333312988  
      312.27520     279.333312988  
      312.28090     258.000000000  
      312.28662     241.000000000  
      312.29232     232.666656494  
      312.29804     241.666656494  
      312.30374     232.333312988  
      312.30947     216.333312988  
      312.31516     228.666656494  
      312.32086     261.000000000  
      312.32658     252.333312988  
      312.33227     230.000000000  
      312.33800     214.000000000  
      312.34370     224.666656494  
      312.34942     259.666656494  
      312.35512     311.000000000  
      312.36085     348.333312988  
      312.36654     536.333312988  
      312.37227     815.666656494  
      312.37797     847.333312988  
      312.38366     568.666656494  
      312.38938     379.000000000  
      312.39508     277.666656494  
      312.40080     214.333312988  
      312.40650     209.000000000  
      312.41219     220.666656494  
      312.41792     201.333312988  
      312.42362     197.333312988  
      312.42934     207.333312988  
      312.43504     240.666656494  
      312.44074     243.666656494  
      312.44646     266.333312988  
      312.45215     260.333312988  
      312.45788     319.333312988  
      312.46357     455.000000000  
      312.46927     575.333312988  
      312.47500     585.333312988  
      312.48069     413.666656494  
      312.48639     304.000000000  
      312.49212     290.000000000  
      312.49781     294.666656494  
      312.50351     379.000000000  
      312.50923     388.000000000  
      312.51492     314.000000000  
      312.52062     278.000000000  
      312.52634     239.000000000  
      312.53204     204.000000000  
      312.53774     231.000000000  
      312.54346     221.000000000  
      312.54916     233.666656494  
      312.55486     213.666656494  
      312.56055     204.000000000  
      312.56628     180.000000000  
      312.57197     190.333312988  
      312.57766     188.000000000  
      312.58339     200.000000000  
      312.58909     197.333312988  
      312.59478     216.666656494  
      312.60048     225.000000000  
      312.60621     257.333312988  
      312.61190     277.666656494  
      312.61760     274.000000000  
      312.62329     283.333312988  
      312.62901     298.000000000  
      312.63471     349.000000000  
      312.64041     426.666656494  
      312.64610     459.333312988  
      312.65183     419.000000000  
      312.65753     367.000000000  
      312.66322     281.333312988  
      312.66892     286.666656494  
      312.67462     262.666656494  
      312.68033     246.333312988  
      312.68603     268.000000000  
      312.69173     245.666656494  
      312.69742     238.000000000  
      312.70312     259.333312988  
      312.70885     286.000000000  
      312.71454     296.333312988  
      312.72024     285.000000000  
      312.72594     264.666656494  
      312.73163     280.666656494  
      312.73732     359.666656494  
      312.74305     558.666656494  
      312.74874     594.666656494  
      312.75444     432.666656494  
      312.76014     294.666656494  
      312.76583     226.333312988  
      312.77153     263.000000000  
      312.77723     327.000000000  
      312.78292     377.333312988  
      312.78864     414.333312988  
      312.79434     528.333312988  
      312.80003     817.333312988  
      312.80573    1009.666656494  
      312.81143     865.666656494  
      312.81712     678.000000000  
      312.82282     915.666656494  
      312.82852    1183.333312988  
      312.83421    1012.666656494  
      312.83990     556.666656494  
      312.84563     332.333312988  
      312.85132     284.333312988  
      312.85702     272.333312988  
      312.86272     241.333312988  
      312.86841     238.000000000  
      312.87411     246.000000000  
      312.87981     227.000000000  
      312.88550     221.000000000  
      312.89119     203.000000000  
      312.89689     188.666656494  
      312.90258     214.333312988  
      312.90828     212.333312988  
      312.91398     224.000000000  
      312.91968     259.000000000  
      312.92537     281.333312988  
      312.93107     337.333312988  
      312.93677     280.333312988  
      312.94245     271.000000000  
      312.94815     222.333312988  
      312.95385     215.666656494  
      312.95954     213.000000000  
      312.96524     231.333312988  
      312.97094     260.333312988  
      312.97663     265.333312988  
      312.98233     302.333312988  
      312.98803     302.333312988  
      312.99371     391.333312988  
      312.99941     531.333312988  
      313.00511     575.333312988  
      313.01080     474.333312988  
      313.01650     318.000000000  
      313.02220     376.666656494  
      313.02789     516.666656494  
      313.03359     592.333312988  
      313.03928     473.666656494  
      313.04497     322.000000000  
      313.05064     260.000000000  
      313.05634     259.333312988  
      313.06204     259.333312988  
      313.06773     233.666656494  
      313.07343     229.333312988  
      313.07913     237.000000000  
      313.08482     232.666656494  
      313.09051     216.666656494  
      313.09621     224.666656494  
      313.10190     236.000000000  
      313.10757     249.333312988  
      313.11327     271.666656494  
      313.11896     281.666656494  
      313.12466     306.000000000  
      313.13036     269.333312988  
      313.13604     232.333312988  
      313.14174     215.000000000  
      313.14741     209.000000000  
      313.15311     200.333312988  
      313.15880     211.333312988  
      313.16450     218.333312988  
      313.17020     224.000000000  
      313.17589     227.000000000  
      313.18155     218.000000000  
      313.18725     238.333312988  
      313.19294     258.000000000  
      313.19864     257.333312988  
      313.20434     240.000000000  
      313.21000     230.000000000  
      313.21570     201.000000000  
      313.22140     209.333312988  
      313.22708     237.666656494  
      313.23278     238.000000000  
      313.23845     219.000000000  
      313.24415     210.000000000  
      313.24984     220.000000000  
      313.25554     204.000000000  
      313.26121     214.000000000  
      313.26690     213.666656494  
      313.27259     224.333312988  
      313.27829     251.000000000  
      313.28395     271.000000000  
      313.28965     389.333312988  
      313.29535     536.000000000  
      313.30105     543.000000000  
      313.30671     394.333312988  
      313.31241     292.000000000  
      313.31810     239.333312988  
      313.32379     204.666656494  
      313.32946     224.000000000  
      313.33516     219.000000000  
      313.34085     237.666656494  
      313.34652     217.666656494  
      313.35222     218.333312988  
      313.35791     251.333312988  
      313.36357     298.000000000  
      313.36927     320.000000000  
      313.37497     349.666656494  
      313.38063     310.333312988  
      313.38633     312.333312988  
      313.39203     314.000000000  
      313.39769     351.333312988  
      313.40338     471.666656494  
      313.40908     613.666656494  
      313.41475     529.666656494  
      313.42044     524.666656494  
      313.42614     677.666656494  
      313.43181     875.000000000  
      313.43750     800.000000000  
      313.44317     550.333312988  
      313.44886     375.666656494  
      313.45455     327.666656494  
      313.46022     297.000000000  
      313.46592     299.666656494  
      313.47159     287.000000000  
      313.47728     335.666656494  
      313.48298     354.333312988  
      313.48864     380.000000000  
      313.49433     369.000000000  
      313.50000     319.000000000  
      313.50570     276.666656494  
      313.51140     273.666656494  
      313.51706     282.666656494  
      313.52276     312.666656494  
      313.52842     319.333312988  
      313.53411     288.666656494  
      313.53978     269.000000000  
      313.54548     256.333312988  
      313.55115     261.000000000  
      313.55684     291.000000000  
      313.56251     330.000000000  
      313.56821     296.000000000  
      313.57389     271.666656494  
      313.57956     389.666656494  
      313.58526     603.000000000  
      313.59092     856.333312988  
      313.59662     794.333312988  
      313.60229     501.000000000  
      313.60799     304.333312988  
      313.61364     251.000000000  
      313.61934     283.000000000  
      313.62501     341.666656494  
      313.63068     465.333312988  
      313.63637     431.666656494  
      313.64204     385.333312988  
      313.64774     397.000000000  
      313.65339     614.666656494  
      313.65909     886.000000000  
      313.66476     861.000000000  
      313.67045     586.333312988  
      313.67612     424.666656494  
      313.68182     347.666656494  
      313.68749     251.666656494  
      313.69314     191.333312988  
      313.69884     188.000000000  
      313.70451     197.666656494  
      313.71021     184.000000000  
      313.71587     199.333312988  
      313.72154     210.333312988  
      313.72724     250.000000000  
      313.73289     293.666656494  
      313.73859     448.333312988  
      313.74426     634.666656494  
      313.74993     725.333312988  
      313.75562     798.000000000  
      313.76129     848.666656494  
      313.76699     726.333312988  
      313.77264     487.000000000  
      313.77831     310.000000000  
      313.78401     240.000000000  
      313.78968     217.333312988  
      313.79534     224.666656494  
      313.80104     180.333312988  
      313.80670     174.000000000  
      313.81237     186.333312988  
      313.81806     171.666656494  
      313.82373     165.000000000  
      313.82940     187.333312988  
      313.83509     172.000000000  
      313.84076     179.666656494  
      313.84642     199.333312988  
      313.85212     172.666656494  
      313.85778     180.333312988  
      313.86345     195.666656494  
      313.86912     203.666656494  
      313.87481     221.666656494  
      313.88048     284.000000000  
      313.88614     394.666656494  
      313.89184     414.666656494  
      313.89750     289.333312988  
      313.90317     239.000000000  
      313.90884     179.000000000  
      313.91454     161.666656494  
      313.92019     186.666656494  
      313.92586     216.333312988  
      313.93153     225.333312988  
      313.93723     260.333312988  
      313.94289     411.333312988  
      313.94856     586.333312988  
      313.95423     602.000000000  
      313.95991     408.333312988  
      313.96558     284.666656494  
      313.97125     193.666656494  
      313.97692     154.666656494  
      313.98258     183.333312988  
      313.98828     184.666656494  
      313.99394     171.333312988  
      313.99961     168.666656494  
      314.00527     188.000000000  
      314.01094     195.666656494  
      314.01664     234.333312988  
      314.02231     250.666656494  
      314.02797     234.666656494  
      314.03363     290.333312988  
      314.03930     469.000000000  
      314.04497     591.333312988  
      314.05063     472.666656494  
      314.05633     276.333312988  
      314.06200     218.333312988  
      314.06765     212.000000000  
      314.07332     163.333312988  
      314.07899     155.666656494  
      314.08466     176.333312988  
      314.09032     172.000000000  
      314.09602     189.666656494  
      314.10168     176.333312988  
      314.10735     173.666656494  
      314.11301     182.666656494  
      314.11868     180.666656494  
      314.12435     201.333312988  
      314.13002     186.666656494  
      314.13567     195.000000000  
      314.14134     190.333312988  
      314.14701     216.000000000  
      314.15268     294.000000000  
      314.15834     425.333312988  
      314.16404     415.000000000  
      314.16971     339.000000000  
      314.17537     271.000000000  
      314.18103     204.666656494  
      314.18670     185.000000000  
      314.19237     195.666656494  
      314.19804     209.666656494  
      314.20370     253.333312988  
      314.20936     311.000000000  
      314.21503     488.666656494  
      314.22070     691.666656494  
      314.22636     632.666656494  
      314.23203     411.000000000  
      314.23770     254.000000000  
      314.24336     208.666656494  
      314.24902     181.000000000  
      314.25469     200.333312988  
      314.26036     251.666656494  
      314.26602     337.666656494  
      314.27169     395.666656494  
      314.27735     343.000000000  
      314.28302     242.666656494  
      314.28868     191.000000000  
      314.29435     169.666656494  
      314.30002     188.000000000  
      314.30569     173.666656494  
      314.31134     192.000000000  
      314.31701     209.333312988  
      314.32265     214.666656494  
      314.32832     190.666656494  
      314.33399     234.000000000  
      314.33964     321.000000000  
      314.34531     549.666656494  
      314.35098     616.000000000  
      314.35665     449.333312988  
      314.36231     252.666656494  
      314.36798     196.000000000  
      314.37364     184.333312988  
