427.0000  3499.00
427.0562  3666.00
427.1124  4773.00
427.1686  7047.00
427.2248  10565.00
427.2810  15450.00
427.3372  16875.00
427.3934  13632.00
427.4496  9713.00
427.5058  6648.00
427.5620  3936.00
427.6182  2918.00
427.6744  2736.00
427.7306  2688.00
427.7868  2624.00
427.8430  2653.00
427.8992  2639.00
427.9554  2681.00
428.0116  2691.00
428.0678  2683.00
428.1240  2756.00
428.1802  2984.00
428.2364  3470.00
428.2926  4253.00
428.3488  5354.00
428.4050  5483.00
428.4612  4557.00
428.5174  3926.00
428.5735  3325.00
428.6298  2980.00
428.6859  2958.00
428.7422  2928.00
428.7983  2880.00
428.8546  2844.00
428.9107  2745.00
428.9669  2809.00
429.0231  2784.00
429.0793  2770.00
429.1355  2838.00
429.1917  2898.00
429.2479  2958.00
429.3041  3131.00
429.3603  3613.00
429.4165  4459.00
429.4727  5699.00
429.5289  6670.00
429.5851  5546.00
429.6413  4459.00
429.6975  3727.00
429.7537  3074.00
429.8099  3164.00
429.8661  4104.00
429.9223  5462.00
429.9785  7073.00
430.0347  8165.00
430.0909  6504.00
430.1471  5223.00
430.2033  4167.00
430.2595  3224.00
430.3157  2826.00
430.3719  2804.00
430.4281  2824.00
430.4843  2864.00
430.5405  2995.00
430.5967  3248.00
430.6529  3995.00
430.7091  5571.00
430.7653  7852.00
430.8215  11511.00
430.8777  13592.00
430.9339  10983.00
430.9901  8551.00
431.0463  6240.00
431.1025  4072.00
431.1587  3093.00
431.2149  2811.00
431.2711  2674.00
431.3273  2696.00
431.3835  3011.00
431.4397  3447.00
431.4959  4109.00
431.5521  5033.00
431.6083  4720.00
431.6645  4065.00
431.7207  3473.00
431.7769  2962.00
431.8331  2657.00
431.8893  2620.00
431.9455  2675.00
432.0017  2617.00
432.0579  2684.00
432.1141  2697.00
432.1703  2761.00
432.2265  2742.00
432.2827  2746.00
432.3389  2912.00
432.3951  3684.00
432.4513  5367.00
432.5074  7887.00
432.5637  11829.00
432.6198  14213.00
432.6761  11467.00
432.7322  8561.00
432.7885  6122.00
432.8446  4018.00
432.9008  2995.00
432.9570  2730.00
433.0132  2662.00
433.0694  2641.00
433.1256  2627.00
433.1818  2654.00
433.2380  2649.00
433.2942  2650.00
433.3504  2659.00
433.4066  2610.00
433.4628  2652.00
433.5190  2752.00
433.5752  3056.00
433.6314  3566.00
433.6876  4235.00
433.7438  4204.00
433.8000  3728.00
433.8562  3289.00
433.9124  2972.00
433.9686  2678.00
434.0248  2628.00
434.0810  2591.00
434.1372  2619.00
434.1934  2661.00
434.2496  2694.00
434.3058  2752.00
434.3620  2761.00
434.4182  2744.00
434.4743  2760.00
434.5305  2668.00
434.5867  2763.00
434.6429  2736.00
434.6991  2733.00
434.7553  2738.00
434.8115  2720.00
434.8677  2722.00
434.9239  2723.00
434.9801  2733.00
435.0363  2818.00
435.0925  3119.00
435.1487  3406.00
435.2049  3832.00
435.2611  4126.00
435.3173  3450.00
435.3735  3256.00
435.4297  2890.00
435.4859  2717.00
435.5421  2617.00
435.5982  2574.00
435.6544  2616.00
435.7106  2700.00
435.7668  2747.00
435.8230  2805.00
435.8792  2712.00
435.9354  2676.00
435.9916  2616.00
436.0478  2588.00
436.1040  2592.00
436.1602  2604.00
436.2164  2547.00
436.2726  2615.00
436.3288  2599.00
436.3849  2558.00
436.4411  2619.00
436.4973  2657.00
436.5535  2740.00
436.6097  2839.00
436.6659  3024.00
436.7221  3261.00
436.7783  3278.00
436.8345  3342.00
436.8907  3498.00
436.9469  3469.00
437.0031  3062.00
437.0592  2858.00
437.1154  2739.00
437.1716  2630.00
437.2278  2646.00
437.2840  2794.00
437.3402  2916.00
437.3964  3143.00
437.4526  3389.00
437.5088  3854.00
437.5650  3683.00
437.6212  3280.00
437.6773  3075.00
437.7335  2832.00
437.7897  2674.00
437.8459  2662.00
437.9021  2669.00
437.9583  2801.00
438.0145  3340.00
438.0706  5099.00
438.1269  7779.00
438.1830  11848.00
438.2392  17106.00
438.2954  17423.00
438.3516  12752.00
438.4078  9242.00
438.4640  6047.00
438.5202  3722.00
438.5764  3154.00
438.6325  3150.00
438.6887  3400.00
438.7449  3467.00
438.8011  3345.00
438.8573  3229.00
438.9135  3046.00
438.9697  2998.00
439.0258  2937.00
439.0820  2816.00
439.1382  2818.00
439.1944  2675.00
439.2506  2595.00
439.3068  2635.00
439.3629  2592.00
439.4191  2620.00
439.4753  2567.00
439.5315  2571.00
439.5877  2568.00
439.6439  2581.00
439.7001  2595.00
439.7563  2535.00
439.8124  2650.00
439.8686  2691.00
439.9248  2731.00
439.9810  2967.00
440.0372  3040.00
440.0934  3241.00
440.1495  4323.00
440.2057  6107.00
440.2619  8664.00
440.3181  12292.00
440.3742  12640.00
440.4304  9384.00
440.4866  7236.00
440.5428  5178.00
440.5990  3758.00
440.6552  3615.00
440.7113  3515.00
440.7675  3272.00
440.8237  3004.00
440.8799  2756.00
440.9361  2654.00
440.9922  2595.00
441.0484  2602.00
441.1046  2805.00
441.1608  3402.00
441.2169  4492.00
441.2731  6051.00
441.3293  8616.00
441.3855  9204.00
441.4417  7003.00
441.4978  5313.00
441.5540  4053.00
441.6102  2938.00
441.6664  2644.00
441.7225  2642.00
441.7787  2578.00
441.8349  2582.00
441.8911  2688.00
441.9472  2787.00
442.0034  2944.00
442.0596  3255.00
442.1158  3425.00
442.1719  3179.00
442.2281  3012.00
442.2843  2841.00
442.3405  2783.00
442.3966  2948.00
442.4528  3166.00
442.5090  3644.00
442.5652  3956.00
442.6213  3682.00
442.6775  3343.00
442.7337  3200.00
442.7899  3152.00
442.8460  3349.00
442.9022  3458.00
442.9584  3213.00
443.0145  3249.00
443.0707  3154.00
443.1269  3230.00
443.1830  3149.00
443.2392  3033.00
443.2954  2892.00
443.3516  2799.00
443.4077  2706.00
443.4639  2676.00
443.5201  2664.00
443.5762  2653.00
443.6324  2646.00
443.6886  2657.00
443.7448  2678.00
443.8009  2760.00
443.8571  3023.00
443.9132  3401.00
443.9694  4122.00
444.0256  4948.00
444.0818  5012.00
444.1379  4450.00
444.1941  3819.00
444.2502  3220.00
444.3064  2892.00
444.3626  2824.00
444.4187  3140.00
444.4749  3514.00
444.5311  4027.00
444.5872  4099.00
444.6434  3618.00
444.6996  3190.00
444.7557  2919.00
444.8119  2690.00
444.8680  2631.00
444.9242  2612.00
444.9804  2601.00
445.0365  2759.00
445.0927  2817.00
445.1489  2960.00
445.2050  3245.00
445.2612  3107.00
445.3174  3002.00
445.3735  2970.00
445.4297  2823.00
445.4858  2930.00
445.5420  3295.00
445.5981  3649.00
445.6543  4294.00
445.7104  4572.00
445.7666  4057.00
445.8228  3882.00
445.8789  3777.00
445.9351  3810.00
445.9912  3472.00
446.0474  3151.00
446.1035  2934.00
446.1597  2835.00
446.2159  3009.00
446.2720  3360.00
446.3282  3927.00
446.3843  4769.00
446.4405  4938.00
446.4966  4209.00
446.5528  3861.00
446.6089  3572.00
446.6651  3580.00
446.7213  3526.00
446.7774  3242.00
446.8336  3014.00
446.8897  2796.00
446.9459  2704.00
447.0020  2670.00
447.0582  2677.00
447.1143  2790.00
447.1705  3050.00
447.2266  3569.00
447.2828  4194.00
447.3389  5009.00
447.3951  4764.00
447.4512  3935.00
447.5074  3482.00
447.5635  3064.00
447.6197  2798.00
447.6758  2829.00
447.7320  2982.00
447.7881  3243.00
447.8442  3447.00
447.9004  3957.00
447.9565  4487.00
448.0127  4236.00
448.0688  3825.00
448.1250  3691.00
448.1811  3511.00
448.2373  3173.00
448.2934  3020.00
448.3495  2836.00
448.4057  2735.00
448.4618  2723.00
448.5180  2740.00
448.5741  2835.00
448.6302  2898.00
448.6864  3058.00
448.7426  3027.00
448.7987  2984.00
448.8548  2889.00
448.9110  2844.00
448.9671  2995.00
449.0233  3301.00
449.0794  3811.00
449.1355  4657.00
449.1917  5048.00
449.2478  4141.00
449.3039  3662.00
449.3601  3211.00
449.4162  2764.00
449.4724  2614.00
449.5285  2652.00
449.5846  2658.00
449.6407  2631.00
449.6969  2662.00
449.7530  2633.00
449.8091  2638.00
449.8653  2595.00
449.9214  2634.00
449.9776  2683.00
450.0337  2618.00
450.0898  2586.00
450.1460  2636.00
450.2021  2610.00
450.2582  2607.00
450.3143  2635.00
450.3705  2600.00
450.4266  2608.00
450.4827  2658.00
450.5389  2652.00
450.5950  2641.00
450.6511  2708.00
450.7072  2621.00
450.7634  2656.00
450.8195  2644.00
450.8756  2660.00
450.9318  2642.00
450.9879  2649.00
451.0440  2654.00
451.1001  2752.00
451.1563  2662.00
451.2124  2708.00
451.2685  2715.00
451.3246  2694.00
451.3808  2720.00
451.4369  2712.00
451.4930  2796.00
451.5491  2716.00
451.6053  2682.00
451.6614  2709.00
451.7175  2713.00
451.7736  2680.00
451.8297  2698.00
451.8858  2676.00
451.9420  2795.00
451.9981  2869.00
452.0542  2930.00
452.1103  3096.00
452.1664  3432.00
452.2226  3468.00
452.2787  3402.00
452.3348  3700.00
452.3909  4225.00
452.4470  5076.00
452.5031  6679.00
452.5592  6716.00
452.6154  5538.00
452.6715  4747.00
452.7276  4165.00
452.7837  3866.00
452.8398  3372.00
452.8959  3129.00
452.9520  2913.00
453.0081  2760.00
453.0643  2684.00
453.1204  2713.00
453.1765  2654.00
453.2326  2644.00
453.2887  2615.00
453.3448  2626.00
453.4009  2646.00
453.4570  2624.00
453.5131  2639.00
453.5692  2643.00
453.6253  2618.00
453.6815  2635.00
453.7375  2660.00
453.7937  2645.00
453.8498  2638.00
453.9059  2673.00
453.9620  2690.00
454.0181  2632.00
454.0742  2655.00
454.1303  2577.00
454.1864  2630.00
454.2425  2701.00
454.2986  2780.00
454.3547  2972.00
454.4108  3064.00
454.4669  3123.00
454.5230  3029.00
454.5791  2971.00
454.6352  2854.00
454.6913  2806.00
454.7474  2773.00
454.8035  2810.00
454.8596  2758.00
454.9156  2749.00
454.9718  2726.00
