#====================================================
#Wavelength   Intensity CWavelength  CIntensity  Note
#  [nm]         rel         [nm]       rel.      txt 
#====================================================
# Te = (  15269 ±   44220) K, r =    0.54 (Fe I)
# Te = (   6552 ±     953) K, r =    0.85 (Fe I)
# Te = (   6552 ±     953) K, r =    0.85 (Fe I)
# Te = (   6552 ±     953) K, r =    0.85 (Fe I)
# Te = (   6552 ±     953) K, r =    0.85 (Fe I)
#===================================================
      426.85730     856.499115508  
      426.91408    1023.499115508  
      426.97087    2130.499115508  
      427.02765    4404.499115508  
      427.08443    7922.499115508  
      427.14122   12807.499115508  
      427.19800   14232.499115508  
      427.25478   10989.499115508  
      427.31157    7070.499115508  
      427.36835    4005.499115508  
      427.42513    1293.499115508  
      427.48192     275.499115508  
      427.53870      93.499115508  
      427.59548      45.499115508  
      427.65227     -18.500884492  
      427.70905      10.499115508  
      427.76583      -3.500884492  
      427.82262      38.499115508  
      427.87940      48.499115508  
      427.93618      40.499115508  
      427.99297     113.499115508  
      428.04975     341.499115508  
      428.10653     827.499115508  
      428.16332    1610.499115508  
      428.22010    2711.499115508  
      428.27688    2840.499115508  
      428.33367    1914.499115508  
      428.39045    1283.499115508  
      428.44713     682.499115508  
      428.50402     337.499115508  
      428.56070     315.499115508  
      428.61758     285.499115508  
      428.67427     237.499115508  
      428.73115     201.499115508  
      428.78783     102.499115508  
      428.84462     166.499115508  
      428.90140     141.499115508  
      428.95818     127.499115508  
      429.01497     195.499115508  
      429.07175     255.499115508  
      429.12853     315.499115508  
      429.18532     488.499115508  
      429.24210     970.499115508  
      429.29888    1816.499115508  
      429.35567    3056.499115508  
      429.41245    4027.499115508  a_Fe I 429.41245 nm
      429.46928    2903.499115508  
      429.52609    1816.499115508  
      429.58288    1084.499115508  
      429.63965     431.499115508  
      429.69642     521.499115508  
      429.75318    1461.499115508  
      429.80994    2819.499115508  
      429.86671    4430.499115508  
      429.92350    5522.499115508  a_Fe I 429.92350 nm
      429.98031    3861.499115508  
      430.03716    2580.499115508  
      430.09408    1524.499115508  
      430.15109     581.499115508  
      430.20820     183.499115508  
      430.26545     161.499115508  
      430.32285     181.499115508  
      430.38042     221.499115508  
      430.43819     352.499115508  
      430.49618     605.499115508  
      430.55441    1352.499115508  
      430.61291    2928.499115508  
      430.67169    5209.499115508  
      430.73078    8868.499115508  
      430.79020   10949.499115508  a_Fe I 430.79020 nm
      430.84996    8340.499115508  
      430.90999    5908.499115508  
      430.97021    3597.499115508  
      431.03056    1429.499115508  
      431.09095     450.499115508  
      431.15131     168.499115508  
      431.21156      31.499115508  
      431.27162      53.499115508  
      431.33141     368.499115508  
      431.39086     804.499115508  
      431.44990    1466.499115508  
      431.50843    2390.499115508  a_Fe I 431.50843 nm
      431.56641    2077.499115508  
      431.62388    1422.499115508  
      431.68088     830.499115508  
      431.73748     319.499115508  
      431.79373      14.499115508  
      431.84969     -22.500884492  
      431.90541      32.499115508  
      431.96096     -25.500884492  
      432.01638      41.499115508  
      432.07174      54.499115508  
      432.12708     118.499115508  
      432.18247      99.499115508  
      432.23797     103.499115508  
      432.29362     269.499115508  
      432.34949    1041.499115508  
      432.40564    2724.499115508  
      432.46201    5244.499115508  
      432.51896    9186.499115508  
      432.57616   11570.499115508  a_Fe I 432.57616 nm
      432.63404    8824.499115508  
      432.69217    5918.499115508  
      432.75090    3479.499115508  
      432.80978    1375.499115508  
      432.86907     352.499115508  
      432.92862      87.499115508  
      432.98839      19.499115508  
      433.04831      -1.500884492  
      433.10835     -15.500884492  
      433.16846      11.499115508  
      433.22859       6.499115508  
      433.28869       7.499115508  
      433.34871      16.499115508  
      433.40862     -32.500884492  
      433.46835       9.499115508  
      433.52786     109.499115508  
      433.58710     413.499115508  
      433.64603     923.499115508  
      433.70460    1592.499115508  a_Fe I 433.70460 nm
      433.76277    1561.499115508  
      433.82056    1085.499115508  
      433.87798     646.499115508  
      433.93508     329.499115508  
      433.99187      35.499115508  
      434.04838     -14.500884492  
      434.10463     -51.500884492  
      434.16066     -23.500884492  
      434.21649      18.499115508  
      434.27214      51.499115508  
      434.32764     109.499115508  
      434.38302     118.499115508  
      434.43830     101.499115508  
      434.49341     117.499115508  
      434.54857      25.499115508  
      434.60372     120.499115508  
      434.65887      93.499115508  
      434.71405      90.499115508  
      434.76930      95.499115508  
      434.82462      77.499115508  
      434.88006      79.499115508  
      434.93564      80.499115508  
      434.99138      90.499115508  
      435.04731     175.499115508  
      435.10345     476.499115508  
      435.15984     763.499115508  
      435.21649    1189.499115508  
      435.27344    1483.499115508  a_Fe I 435.27344 nm
      435.33070     807.499115508  
      435.38826     613.499115508  
      435.44609     247.499115508  
      435.50418      74.499115508  
      435.56250     -25.500884492  
      435.62094     -68.500884492  
      435.67967     -26.500884492  
      435.73857      57.499115508  
      435.79762     104.499115508  
      435.85679     162.499115508  
      435.91608      69.499115508  
      435.97545      33.499115508  
      436.03488     -26.500884492  
      436.09436     -54.500884492  
      436.15386     -50.500884492  
      436.21336     -38.500884492  
      436.27284     -95.500884492  
      436.33228     -27.500884492  
      436.39166     -43.500884492  
      436.45084     -84.500884492  
      436.51003     -23.500884492  
      436.56908      14.499115508  
      436.62799      97.499115508  
      436.68673     196.499115508  
      436.74528     381.499115508  
      436.80362     618.499115508  
      436.86173     635.499115508  
      436.91958     699.499115508  
      436.97715     855.499115508  a_Fe I 436.97715 nm
      437.03443     826.499115508  
      437.09143     419.499115508  
      437.14804     215.499115508  
      437.20449      96.499115508  
      437.26069     -12.500884492  
      437.31663       3.499115508  
      437.37234     151.499115508  
      437.42782     273.499115508  
      437.48308     500.499115508  
      437.53813     746.499115508  
      437.59298    1211.499115508  a_Fe I 437.59298 nm
      437.64765    1040.499115508  
      437.70215     637.499115508  
      437.75644     432.499115508  
      437.81071     189.499115508  
      437.86492      31.499115508  
      437.91909      19.499115508  
      437.97325      26.499115508  
      438.02743     158.499115508  
      438.08165     697.499115508  
      438.13586    2456.499115508  
      438.19037    5136.499115508  
      438.24483    9205.499115508  
      438.29955   14463.499115508  
      438.35447   14780.499115508  a_Fe I 438.35447 nm
      438.40961   10109.499115508  
      438.46497    6599.499115508  
      438.52054    3404.499115508  
      438.57631    1079.499115508  
      438.63228     511.499115508  
      438.68833     507.499115508  
      438.74466     757.499115508  
      438.80116     824.499115508  
      438.85782     702.499115508  
      438.91463     586.499115508  
      438.97159     403.499115508  
      439.02868     355.499115508  
      439.08580     294.499115508  
      439.14314     173.499115508  
      439.20058     175.499115508  
      439.25813      32.499115508  
      439.31578     -47.500884492  
      439.37351      -7.500884492  
      439.43121     -50.500884492  
      439.48908     -22.500884492  
      439.54702     -75.500884492  
      439.60500     -71.500884492  
      439.66303     -74.500884492  
      439.72110     -61.500884492  
      439.77919     -47.500884492  
      439.83730    -107.500884492  
      439.89532       7.499115508  
      439.95344      48.499115508  
      440.01155      88.499115508  
      440.06965     324.499115508  
      440.12773     397.499115508  
      440.18577     598.499115508  
      440.24367    1680.499115508  
      440.30162    3464.499115508  
      440.35952    6021.499115508  
      440.41735    9649.499115508  
      440.47501    9997.499115508  a_Fe I 440.47501 nm
      440.53269    6741.499115508  
      440.59030    4593.499115508  
      440.64785    2535.499115508  
      440.70536    1115.499115508  
      440.76283     972.499115508  
      440.82018     872.499115508  
      440.87763     629.499115508  
      440.93507     361.499115508  
      440.99254     113.499115508  
      441.05003      11.499115508  
      441.10745     -47.500884492  
      441.16504     -40.500884492  
      441.22269     162.499115508  
      441.28041     759.499115508  
      441.33812    1849.499115508  
      441.39604    3408.499115508  
      441.45407    5973.499115508  
      441.51222    6561.499115508  a_Fe I 441.51222 nm
      441.57051    4360.499115508  
      441.62881    2670.499115508  
      441.68730    1410.499115508  
      441.74587     295.499115508  
      441.80449       1.499115508  
      441.86304      -0.500884492  
      441.92169     -64.500884492  
      441.98033     -60.500884492  
      442.03893      45.499115508  
      442.09737     144.499115508  
      442.15583     301.499115508  
      442.21419     612.499115508  
      442.27243     782.499115508  
      442.33041     536.499115508  
      442.38833     369.499115508  
      442.44605     198.499115508  
      442.50357     140.499115508  
      442.56075     305.499115508  
      442.61777     523.499115508  
      442.67452    1001.499115508  
      442.73096    1313.499115508  a_Fe I 442.73096 nm
      442.78699    1039.499115508  
      442.84283     700.499115508  
      442.89841     557.499115508  
      442.95376     509.499115508  
      443.00881     706.499115508  
      443.06380     815.499115508  
      443.11864     570.499115508  
      443.17329     606.499115508  
      443.22795     511.499115508  
      443.28258     587.499115508  
      443.33709     506.499115508  
      443.39171     390.499115508  
      443.44639     249.499115508  
      443.50114     156.499115508  
      443.55591      63.499115508  
      443.61092      33.499115508  
      443.66610      21.499115508  
      443.72138      10.499115508  
      443.77700       3.499115508  
      443.83288      14.499115508  
      443.88906      35.499115508  
      443.94546     117.499115508  
      444.00233     380.499115508  
      444.05947     758.499115508  
      444.11715    1479.499115508  
      444.17527    2305.499115508  
      444.23387    2369.499115508  a_Fe I 444.23387 nm
      444.29286    1807.499115508  
      444.35236    1176.499115508  
      444.41208     577.499115508  
      444.47210     249.499115508  
      444.53224     181.499115508  
      444.59229     497.499115508  
      444.65235     871.499115508  
      444.71222    1384.499115508  
      444.77170    1456.499115508  a_Fe I 444.77170 nm
      444.83091     975.499115508  
      444.88976     547.499115508  
      444.94816     276.499115508  
      445.00634      47.499115508  
      445.06412     -11.500884492  
      445.12173     -30.500884492  
      445.17909     -41.500884492  
      445.23611     116.499115508  
      445.29304     174.499115508  
      445.34978     317.499115508  
      445.40626     602.499115508  
      445.46270     464.499115508  
      445.51903     359.499115508  
      445.57518     327.499115508  
      445.63135     180.499115508  
      445.68738     287.499115508  
      445.74349     652.499115508  
      445.79951    1006.499115508  
      445.85564    1651.499115508  
      445.91173    1929.499115508  a_Fe I 445.91173 nm
      445.96799    1414.499115508  
      446.02433    1239.499115508  
      446.08069    1134.499115508  
      446.13728    1167.499115508  
      446.19391     829.499115508  
      446.25082     508.499115508  
      446.30781     291.499115508  
      446.36510     192.499115508  
      446.42263     366.499115508  
      446.48029     717.499115508  
      446.53832    1284.499115508  
      446.59653    2126.499115508  
      446.65515    2295.499115508  a_Fe I 446.65515 nm
      446.71397    1566.499115508  
      446.77317    1218.499115508  
      446.83249     929.499115508  
      446.89208     937.499115508  
      446.95180     883.499115508  
      447.01148     599.499115508  
      447.07129     371.499115508  
      447.13096     153.499115508  
      447.19067      61.499115508  
      447.25014      27.499115508  
      447.30953      34.499115508  
      447.36860     147.499115508  
      447.42749     407.499115508  
      447.48594     926.499115508  
      447.54413    1551.499115508  
      447.60178    2366.499115508  a_Fe I 447.60183 nm 447.33895
      447.65907    2121.499115508  
      447.71584    1292.499115508  
      447.77234     839.499115508  
      447.82842     421.499115508  
      447.88434     155.499115508  
      447.93995     186.499115508  
      447.99551     339.499115508  
      448.05086     600.499115508  
      448.10617     804.499115508  
      448.16159    1314.499115508  
      448.21696    1844.499115508  a_Fe I 448.21696 nm
      448.27254    1593.499115508  
      448.32813    1182.499115508  
      448.38392    1048.499115508  
      448.43971     868.499115508  
      448.49570     530.499115508  
      448.55167     377.499115508  
      448.60774     193.499115508  
      448.66398      92.499115508  
      448.72020      80.499115508  
      448.77658      97.499115508  
      448.83294     192.499115508  
      448.88935     255.499115508  
      448.94592     415.499115508  
      449.00255     384.499115508  
      449.05911     341.499115508  
      449.11572     246.499115508  
      449.17247     201.499115508  
      449.22915     352.499115508  
      449.28596     658.499115508  
      449.34269    1168.499115508  
      449.39943    2014.499115508  
      449.45629    2405.499115508  a_Fe I 449.45629 nm
      449.51306    1498.499115508  
      449.56983    1019.499115508  
      449.62671     568.499115508  
      449.68350     121.499115508  
      449.74039     -28.500884492  
      449.79719       9.499115508  
      449.85400      15.499115508  
      449.91081     -11.500884492  
      449.96772      19.499115508  
      450.02454      -9.500884492  
      450.08136      -4.500884492  
      450.13828     -47.500884492  
      450.19511      -8.500884492  
      450.25203      40.499115508  
      450.30886     -24.500884492  
      450.36569     -56.500884492  
      450.42262      -6.500884492  
      450.47945     -32.500884492  
      450.53628     -35.500884492  
      450.59311      -7.500884492  
      450.65004     -42.500884492  
      450.70687     -34.500884492  
      450.76369      15.499115508  
      450.82062       9.499115508  
      450.87744      -1.500884492  
      450.93425      65.499115508  
      450.99106     -21.500884492  
      451.04797      13.499115508  
      451.10477       1.499115508  
      451.16157      17.499115508  
      451.21846      -0.500884492  
      451.27525       6.499115508  
      451.33202      11.499115508  
      451.38880     109.499115508  
      451.44566      19.499115508  
      451.50242      65.499115508  
      451.55916      72.499115508  
      451.61590      51.499115508  
      451.67273      77.499115508  
      451.72945      69.499115508  
      451.78616     153.499115508  
      451.84286      73.499115508  
      451.89965      39.499115508  
      451.95632      66.499115508  
      452.01299      70.499115508  
      452.06964      37.499115508  
      452.12628      55.499115508  
      452.18290      33.499115508  
      452.23961     152.499115508  
      452.29621     226.499115508  
      452.35279     287.499115508  
      452.40936     453.499115508  
      452.46591     789.499115508  
      452.52254     825.499115508  
      452.57906     759.499115508  
      452.63556    1057.499115508  
      452.69205    1582.499115508  
      452.74851    2433.499115508  
      452.80496    4036.499115508  
      452.86139    4073.499115508  a_Fe I 452.86139 nm
      452.91822    2895.499115508  
      452.97494    2104.499115508  
      453.03167    1522.499115508  
      453.08840    1223.499115508  
      453.14512     729.499115508  
      453.20185     486.499115508  
      453.25858     270.499115508  
      453.31530     117.499115508  
      453.37213      41.499115508  
      453.42886      70.499115508  
      453.48558      11.499115508  
      453.54231       1.499115508  
      453.59904     -27.500884492  
      453.65576     -16.500884492  
      453.71249       3.499115508  
      453.76921     -18.500884492  
      453.82594      -3.500884492  
      453.88267       0.499115508  
      453.93939     -24.500884492  
      453.99622      -7.500884492  
      454.05285      17.499115508  
      454.10967       2.499115508  
      454.16640      -4.500884492  
      454.22313      30.499115508  
      454.27985      47.499115508  
      454.33658     -10.500884492  
      454.39331      12.499115508  
      454.45003     -65.500884492  
      454.50676     -12.500884492  
      454.56348      58.499115508  
      454.62021     137.499115508  
      454.67694     329.499115508  
      454.73366     421.499115508  
      454.79039     480.499115508  
      454.84712     386.499115508  
      454.90384     328.499115508  
      454.96057     211.499115508  
      455.01730     163.499115508  
      455.07402     130.499115508  
      455.13075     167.499115508  
      455.18748     115.499115508  
      455.24410     106.499115508  
      455.30093      83.499115508  
