1.000000000000000000e+00 6.962025316455696874e-03
1.014999999999999902e+00 7.726980038634899579e-03
1.030000000000000027e+00 8.519003931847969266e-03
1.044999999999999929e+00 9.339559706470977954e-03
1.060999999999999943e+00 1.020269351108692678e-02
1.074999999999999956e+00 1.107266435986158960e-02
1.092000000000000082e+00 1.201923076923076990e-02
1.106999999999999984e+00 1.292175161521895085e-02
1.129999999999999893e+00 1.386861313868613041e-02
1.153999999999999915e+00 1.433878157503714647e-02
1.159999999999999920e+00 1.425373134328358077e-02
1.175000000000000044e+00 1.433962264150943390e-02
1.199999999999999956e+00 1.576923076923076802e-02
1.225000000000000089e+00 1.749019607843137550e-02
1.250000000000000000e+00 1.928000000000000200e-02
1.274999999999999911e+00 1.979797979797980056e-02
1.300000000000000044e+00 2.081632653061224469e-02
1.324999999999999956e+00 2.144329896907216579e-02
1.350000000000000089e+00 2.083333333333333218e-02
1.362000000000000099e+00 1.936026936026935888e-02
1.375000000000000000e+00 1.872340425531915029e-02
1.399999999999999911e+00 1.834782608695651948e-02
1.425000000000000044e+00 2.039560439560439420e-02
1.449999999999999956e+00 2.222222222222222307e-02
1.475000000000000089e+00 2.157303370786516766e-02
1.485000000000000098e+00 1.986455981941309332e-02
1.500000000000000000e+00 1.827272727272727035e-02
1.514999999999999902e+00 1.670533642691415105e-02
1.524999999999999911e+00 1.439999999999999787e-02
1.550000000000000044e+00 1.365853658536585365e-02
1.574999999999999956e+00 1.407594936708860510e-02
1.600000000000000089e+00 1.273684210526315752e-02
1.625000000000000000e+00 1.239436619718309839e-02
1.649999999999999911e+00 1.284848484848484518e-02
1.675000000000000044e+00 1.180327868852459189e-02
1.679999999999999938e+00 1.066666666666666458e-02
1.699999999999999956e+00 9.571428571428572743e-03
1.725000000000000089e+00 1.093750000000000451e-02
1.750000000000000000e+00 9.482758620689656776e-03
1.774999999999999911e+00 1.307692307692307106e-02
1.800000000000000044e+00 1.347826086956521729e-02
1.824999999999999956e+00 1.234567901234566965e-02
1.850000000000000089e+00 9.142857142857143543e-03
1.875000000000000000e+00 1.000000000000000021e-02
1.899999999999999911e+00 1.200000000000000025e-02
