1.000000000000000000e+00 1.379746835443038111e-02
1.020000000000000018e+00 1.360103626943005156e-02
1.030000000000000027e+00 1.277850589777195303e-02
1.040000000000000036e+00 1.127320954907161735e-02
1.050000000000000044e+00 9.060402684563758496e-03
1.060000000000000053e+00 6.657608695652174509e-03
1.072999999999999954e+00 5.591605688250725001e-03
1.084999999999999964e+00 4.344779257182900846e-03
1.100000000000000089e+00 3.214285714285714229e-03
1.110000000000000098e+00 2.517985611510791151e-03
