1.5651323359515429e-19 1
1.5685462472946822e-19 1
1.5899275199593276e-19 1
1.6074014928573203e-19 1
1.6082455125219931e-19 1
3.355500414720946e-19 2
3.432792645372062e-19 2
4.3212205667866086e-19 3
4.349342372028178e-19 3
4.356557293300301e-19 3
4.358333719364275e-19 3
4.540132715192887e-19 3
4.54797802255299e-19 3
4.557860856702668e-19 3
4.626509964180043e-19 3
4.6648977421722945e-19 3
4.706862690853813e-19 3
4.730533419354208e-19 3
4.75842926997481e-19 3
4.779157162896922e-19 3
4.815362032985558e-19 3
4.838903883379218e-19 3
4.849688889010167e-19 3
4.904205990747192e-19 3
4.935542621131702e-19 3
5.000551884218056e-19 3
5.128936107865605e-19 3
5.158986857516175e-19 3
5.204773670157437e-19 3
5.20661960626167e-19 3
5.208863099744611e-19 3
5.223112827264001e-19 3
5.232560806781925e-19 3
5.324940185139551e-19 3
6.023629773071244e-19 4
6.062104084465237e-19 4
6.286898235554268e-19 4
6.317867547944309e-19 4
6.364552133149242e-19 4
6.39964448985368e-19 4
6.399988678141299e-19 4
6.54779841705722e-19 4
6.548677279469604e-19 4
6.70813086473686e-19 4

