1.341626172947363196e-21 3.962270204121826289e+00
2.683252345894726392e-21 5.120496241508609714e+00
4.024878518842089211e-21 4.589454149991590626e+00
5.366504691789452783e-21 3.788456347827609427e+00
6.708130864736815603e-21 4.881286846192377737e+00
8.049757037684178423e-21 5.303222812229639871e+00
9.391383210631542747e-21 6.285582327307046135e+00
1.073300938357890557e-20 5.547821467474343571e+00
1.207463555652626688e-20 4.764036771538306070e+00
1.341626172947363121e-20 4.302415117080990115e+00
1.475788790242099252e-20 5.775901414152795788e+00
1.609951407536835685e-20 4.348451337647261994e+00
1.744114024831572117e-20 4.833367570389420109e+00
1.878276642126308549e-20 4.611434415051657965e+00
2.012439259421044681e-20 5.436178730489273470e+00
2.146601876715781113e-20 5.448012240088038638e+00
2.280764494010517546e-20 4.339926283306332344e+00
2.414927111305253376e-20 5.289047743034603677e+00
2.549089728599989809e-20 4.898782671526013210e+00
2.683252345894726241e-20 5.292687673825644090e+00
2.817414963189462975e-20 6.518207984760542750e+00
2.951577580484198504e-20 6.446344208590069513e+00
3.085740197778935238e-20 3.964425839831438925e+00
3.219902815073671369e-20 5.075207981904862109e+00
3.354065432368408102e-20 4.964785451172793351e+00
3.488228049663144234e-20 5.874853792782873896e+00
3.622390666957880365e-20 5.657751604334394280e+00
3.756553284252617099e-20 4.771202380893996065e+00
3.890715901547353230e-20 5.339830120422909054e+00
4.024878518842089362e-20 3.447975889433268382e+00
4.159041136136825493e-20 5.996594159421979597e+00
4.293203753431562227e-20 4.405419107811693991e+00
4.427366370726298358e-20 5.170180723122554056e+00
4.561528988021035092e-20 6.236512386536648300e+00
4.695691605315771223e-20 5.127797097712333496e+00
4.829854222610506753e-20 4.841334553942242103e+00
4.964016839905243486e-20 5.607997151771889399e+00
5.098179457199979618e-20 5.606068054074868634e+00
5.232342074494716351e-20 4.392731844187343526e+00
5.366504691789452482e-20 3.991234732339354441e+00
5.500667309084188614e-20 5.003346580918818454e+00
5.634829926378925949e-20 4.861899914423668534e+00
5.768992543673660877e-20 5.161508329098922765e+00
5.903155160968397008e-20 4.692992084361082838e+00
6.037317778263134344e-20 6.207516233285702789e+00
6.171480395557870475e-20 6.414629378820155381e+00
6.305643012852606607e-20 5.513054159418732780e+00
6.439805630147342738e-20 4.738711088306631680e+00
6.573968247442080073e-20 4.332816334584065565e+00
6.708130864736816205e-20 4.939345939821738973e+00
6.842293482031551133e-20 5.096192714279665026e+00
6.976456099326288468e-20 5.787637870623691505e+00
7.110618716621024599e-20 5.732894340773524000e+00
7.244781333915760731e-20 5.423109972875064244e+00
7.378943951210496862e-20 5.359287773017905820e+00
7.513106568505234198e-20 4.866491928358021468e+00
7.647269185799970329e-20 4.101787571052515347e+00
7.781431803094706461e-20 3.803358685050950427e+00
7.915594420389442592e-20 4.241540257999409036e+00
8.049757037684178724e-20 4.350277396297795640e+00
8.183919654978914855e-20 4.146109988996544260e+00
8.318082272273650987e-20 4.438530042453759705e+00
8.452244889568388322e-20 5.040157638832903686e+00
8.586407506863124453e-20 5.336383242607222854e+00
8.720570124157860585e-20 5.535475541760562557e+00
8.854732741452596716e-20 5.392611320289671717e+00
8.988895358747334052e-20 5.290463564713320466e+00
9.123057976042070183e-20 5.227615310547614413e+00
9.257220593336806315e-20 5.550051310834549056e+00
9.391383210631542446e-20 5.931203853128206305e+00
9.525545827926277374e-20 6.269681550800395797e+00
9.659708445221013505e-20 6.293129043653989285e+00
9.793871062515750841e-20 5.983987684274445940e+00
9.928033679810486972e-20 5.535096067938410691e+00
1.006219629710522310e-19 5.299961003575109686e+00
1.019635891439995924e-19 4.940257497891402672e+00
1.033052153169469657e-19 4.802084368682718818e+00
1.046468414898943270e-19 4.715965073012738706e+00
1.059884676628416883e-19 4.643008190451999972e+00
1.073300938357890496e-19 4.631950420780714062e+00
1.086717200087364230e-19 4.624505452326649113e+00
1.100133461816837723e-19 4.728330230066459805e+00
1.113549723546311456e-19 4.817571630494844825e+00
1.126965985275785190e-19 5.051717151123185978e+00
1.140382247005258683e-19 5.512077671487982222e+00
1.153798508734732175e-19 5.815927633074654324e+00
1.167214770464205909e-19 5.679423392644974200e+00
1.180631032193679402e-19 5.380210108427924354e+00
1.194047293923153135e-19 5.176357406510128101e+00
1.207463555652626869e-19 4.998500110240128969e+00
1.220879817382100362e-19 4.943794660929450302e+00
1.234296079111574095e-19 4.893720979228609380e+00
1.247712340841047829e-19 4.875569325030557621e+00
1.261128602570521321e-19 4.856027356234475789e+00
1.274544864299995055e-19 4.950336983568873528e+00
1.287961126029468548e-19 5.186428986460833279e+00
1.301377387758942281e-19 5.432038052194385180e+00
1.314793649488416015e-19 5.627193298690529311e+00
1.328209911217889507e-19 5.931475079890309310e+00
1.341626172947363241e-19 6.178215352656920345e+00
1.355042434676836975e-19 6.242016628203783668e+00
1.368458696406310227e-19 6.272754406315731224e+00
1.381874958135783960e-19 6.294247445579070899e+00
1.395291219865257694e-19 6.273732870930076366e+00
1.408707481594731186e-19 6.209610592121279637e+00
1.422123743324204920e-19 6.057781538139212607e+00
1.435540005053678653e-19 5.749269079663042348e+00
1.448956266783152146e-19 5.520748016739600139e+00
1.462372528512625880e-19 5.303962133177721583e+00
1.475788790242099372e-19 5.018186739142305619e+00
1.489205051971573106e-19 4.742359335581710411e+00
1.502621313701046840e-19 4.243270966055336046e+00
1.516037575430520332e-19 3.792048740211719338e+00
1.529453837159994066e-19 3.397921665267132685e+00
1.542870098889467799e-19 3.069283416942555132e+00
1.556286360618941292e-19 2.826483086825132496e+00
1.569702622348415026e-19 2.637872101916781009e+00
1.583118884077888518e-19 2.452779913864205685e+00
1.596535145807362011e-19 2.343138467491813426e+00
1.609951407536835745e-19 2.262938356181444455e+00
1.623367669266309238e-19 2.211044947838066044e+00
1.636783930995782971e-19 2.225443821122106591e+00
1.650200192725256705e-19 2.302934931976055921e+00
1.663616454454730197e-19 2.440472121367720071e+00
1.677032716184203931e-19 2.635154949787800849e+00
1.690448977913677664e-19 2.884221015540358923e+00
1.703865239643151157e-19 3.185038724967636181e+00
1.717281501372624891e-19 3.535100485063926268e+00
1.730697763102098624e-19 3.886559204801293799e+00
1.744114024831572117e-19 4.168531849879585138e+00
1.757530286561045851e-19 4.394448934029092868e+00
1.770946548290519343e-19 4.664605604383692317e+00
1.784362810019993077e-19 4.976936963349523957e+00
1.797779071749466810e-19 5.323543478510305960e+00
1.811195333478940303e-19 5.639051794787262928e+00
1.824611595208414037e-19 5.898093123517736736e+00
1.838027856937887770e-19 6.026892367782578752e+00
1.851444118667361263e-19 6.161868058013513227e+00
1.864860380396834996e-19 6.299900770357106161e+00
1.878276642126308489e-19 6.385993848813203755e+00
1.891692903855781741e-19 6.435983754817843128e+00
1.905109165585255475e-19 6.470668495519396934e+00
1.918525427314729208e-19 6.482739823984048577e+00
1.931941689044202701e-19 6.454601177739117013e+00
1.945357950773676435e-19 6.400663984165452902e+00
1.958774212503150168e-19 6.349749741796218316e+00
1.972190474232623661e-19 6.303803666467525879e+00
1.985606735962097394e-19 6.252559446991275749e+00
1.999022997691570887e-19 6.226215325963143421e+00
2.012439259421044621e-19 6.198369248955828859e+00
2.025855521150518354e-19 6.178527651039381396e+00
2.039271782879991847e-19 6.183284641399827919e+00
2.052688044609465581e-19 6.205019835361305525e+00
2.066104306338939314e-19 6.203316621620928117e+00
2.079520568068412807e-19 6.200395457299946678e+00
2.092936829797886540e-19 6.139336596877474683e+00
2.106353091527360033e-19 6.006644699464112946e+00
2.119769353256833767e-19 5.883961934904065494e+00
2.133185614986307500e-19 5.773487470304801583e+00
2.146601876715780993e-19 5.656336888702997001e+00
2.160018138445254727e-19 5.528658915946564001e+00
2.173434400174728460e-19 5.407341820125167509e+00
2.186850661904202194e-19 5.307922379256987178e+00
2.200266923633675446e-19 5.205479893732284147e+00
2.213683185363149179e-19 5.116999252432000489e+00
2.227099447092622913e-19 5.022760756018754158e+00
2.240515708822096646e-19 4.920857265397603264e+00
2.253931970551570380e-19 4.819848765074082664e+00
2.267348232281043632e-19 4.737685473765906430e+00
2.280764494010517365e-19 4.673725193321977223e+00
2.294180755739991099e-19 4.619956649112941349e+00
2.307597017469464351e-19 4.573164945082431210e+00
2.321013279198938084e-19 4.542980757590489027e+00
2.334429540928411818e-19 4.528842332293989692e+00
2.347845802657885551e-19 4.530207014241304009e+00
2.361262064387358803e-19 4.546550528465490792e+00
2.374678326116832537e-19 4.577366290923875702e+00
2.388094587846306270e-19 4.622164748357572961e+00
2.401510849575780004e-19 4.680472745718560645e+00
2.414927111305253737e-19 4.740496755632687353e+00
2.428343373034726990e-19 4.789695135298276618e+00
2.441759634764200723e-19 4.821625414180075175e+00
2.455175896493674457e-19 4.859111930484171005e+00
2.468592158223148190e-19 4.908733419797610686e+00
2.482008419952621924e-19 4.970090807344090145e+00
2.495424681682095657e-19 5.042797927564893534e+00
2.508840943411568909e-19 5.126481063877107225e+00
2.522257205141042643e-19 5.205915012868002734e+00
2.535673466870516376e-19 5.267287267505780690e+00
2.549089728599990110e-19 5.323036232351533670e+00
2.562505990329463843e-19 5.359131822552237523e+00
2.575922252058937095e-19 5.363353256217065379e+00
2.589338513788410829e-19 5.377884529942915215e+00
2.602754775517884562e-19 5.402406931515077559e+00
2.616171037247358296e-19 5.435347629562479632e+00
2.629587298976832029e-19 5.424495468226325556e+00
2.643003560706305281e-19 5.411468124858934026e+00
2.656419822435779015e-19 5.407915391488575807e+00
2.669836084165252748e-19 5.409368923597907219e+00
2.683252345894726482e-19 5.402712476601129410e+00
2.696668607624200215e-19 5.371319225986756152e+00
2.710084869353673949e-19 5.348858862712886797e+00
2.723501131083147201e-19 5.335072581697747118e+00
2.736917392812620453e-19 5.329709126399178487e+00
2.750333654542094187e-19 5.332524544658513221e+00
2.763749916271567920e-19 5.343281953396167516e+00
2.777166178001041654e-19 5.361751311801103093e+00
2.790582439730515387e-19 5.387709202672227526e+00
2.803998701459988639e-19 5.420938621585057682e+00
2.817414963189462373e-19 5.461228773571488837e+00
2.830831224918936106e-19 5.508374877014182047e+00
2.844247486648409840e-19 5.562177974470323250e+00
2.857663748377883573e-19 5.622444750151866621e+00
2.871080010107357307e-19 5.688987353801331359e+00
2.884496271836830559e-19 5.757793209491025799e+00
2.897912533566304292e-19 5.822473779132494087e+00
2.911328795295778026e-19 5.867782004195341017e+00
2.924745057025251759e-19 5.902867066475260494e+00
2.938161318754725493e-19 5.943865268421973269e+00
2.951577580484198745e-19 5.990611359719054008e+00
2.964993842213672479e-19 6.042944605598126628e+00
2.978410103943146212e-19 6.100708650954348222e+00
2.991826365672619946e-19 6.163751389033563122e+00
3.005242627402093679e-19 6.231924834519809941e+00
3.018658889131566931e-19 6.305085000858901445e+00
3.032075150861040665e-19 6.377739200056605107e+00
3.045491412590514398e-19 6.427233936775201606e+00
3.058907674319988132e-19 6.475224082363318701e+00
3.072323936049461865e-19 6.528005947008260534e+00
3.085740197778935599e-19 6.584088042787448636e+00
3.099156459508408851e-19 6.633085128285634902e+00
3.112572721237882584e-19 6.684060104810890302e+00
3.125988982967356318e-19 6.729117475367909940e+00
3.139405244696830051e-19 6.777137621216897223e+00
3.152821506426303303e-19 6.818104489479549279e+00
3.166237768155777037e-19 6.851451982506275407e+00
3.179654029885250289e-19 6.881288154726265205e+00
3.193070291614724022e-19 6.903110582899244285e+00
3.206486553344197756e-19 6.923104595444971032e+00
3.219902815073671489e-19 6.938246967867724990e+00
3.233319076803145223e-19 6.946995418899950536e+00
3.246735338532618475e-19 6.942053960459620754e+00
3.260151600262092209e-19 6.941259891879395738e+00
3.273567861991565942e-19 6.940757131518726197e+00
3.286984123721039676e-19 6.935726907542576924e+00
3.300400385450513409e-19 6.925522086035910796e+00
3.313816647179987143e-19 6.916188445467712498e+00
3.327232908909460395e-19 6.910714541827037927e+00
3.340649170638934128e-19 6.902769030354346746e+00
3.354065432368407862e-19 6.892766005506511640e+00
3.367481694097881595e-19 6.886448914101585217e+00
3.380897955827355329e-19 6.883731115055290672e+00
3.394314217556828581e-19 6.884528010492713790e+00
3.407730479286302314e-19 6.888756992324155171e+00
3.421146741015776048e-19 6.894709863789582727e+00
3.434563002745249781e-19 6.893850503033329247e+00
3.447979264474723515e-19 6.888747748652622960e+00
3.461395526204197248e-19 6.882787129009828142e+00
3.474811787933670500e-19 6.870614804922032803e+00
3.488228049663144234e-19 6.831161154638080824e+00
3.501644311392617967e-19 6.777500723238468083e+00
3.515060573122091701e-19 6.727161611381692552e+00
3.528476834851565435e-19 6.680195413200163301e+00
3.541893096581038687e-19 6.636529950350083418e+00
3.555309358310512420e-19 6.591580913506517980e+00
3.568725620039986154e-19 6.543045514113868144e+00
3.582141881769459887e-19 6.497688102544383781e+00
3.595558143498933621e-19 6.455441717085266262e+00
3.608974405228406873e-19 6.416240856726384223e+00
3.622390666957880606e-19 6.380021445531188107e+00
3.635806928687354340e-19 6.346720797985717866e+00
3.649223190416828073e-19 6.316277585295670960e+00
3.662639452146301807e-19 6.277787671454232665e+00
3.676055713875775540e-19 6.241971277953735076e+00
3.689471975605248792e-19 6.208915490399959936e+00
3.702888237334722526e-19 6.178563225416655591e+00
3.716304499064196259e-19 6.150858613525280738e+00
3.729720760793669993e-19 6.125746970330514962e+00
3.743137022523143726e-19 6.103174768475041034e+00
3.756553284252616978e-19 6.083089610340661757e+00
3.769969545982090712e-19 6.065440201473513149e+00
3.783385807711563483e-19 6.050176324711942222e+00
3.796802069441037216e-19 6.037248814996247326e+00
3.810218331170510950e-19 6.026609534840268623e+00
3.823634592899984683e-19 6.018211350445293206e+00
3.837050854629458417e-19 6.012008108437590259e+00
3.850467116358932150e-19 6.007954613211319739e+00
3.863883378088405402e-19 6.006006604859247311e+00
3.877299639817879136e-19 6.006120737674211618e+00
3.890715901547352869e-19 6.008254559204873502e+00
3.904132163276826603e-19 6.012366489849814144e+00
3.917548425006300336e-19 6.018415802974458551e+00
3.930964686735773588e-19 6.026362605535958039e+00
3.944380948465247322e-19 6.036167819201473606e+00
3.957797210194721055e-19 6.047793161945886453e+00
3.971213471924194789e-19 6.061201130115309255e+00
3.984629733653668522e-19 6.076354980943273532e+00
3.998045995383141774e-19 6.093218715506815819e+00
4.011462257112615508e-19 6.111757062110148908e+00
4.024878518842089241e-19 6.125133761534343080e+00
4.038294780571562975e-19 6.136974165035354645e+00
4.051711042301036709e-19 6.142820856864402934e+00
4.065127304030510442e-19 6.148029999045376393e+00
4.078543565759983694e-19 6.154877282453827370e+00
4.091959827489457428e-19 6.163330198206383059e+00
4.105376089218931161e-19 6.173356875999025384e+00
4.118792350948404895e-19 6.184926070238842222e+00
4.132208612677878628e-19 6.198007146513287324e+00
4.145624874407351880e-19 6.212570068387767819e+00
4.159041136136825614e-19 6.228585384522666857e+00
4.172457397866299347e-19 6.246024216101202065e+00
4.185873659595773081e-19 6.264858244559707856e+00
4.199289921325246814e-19 6.279326994007714546e+00
4.212706183054720066e-19 6.290766981614535958e+00
4.226122444784193800e-19 6.294624762723660005e+00
4.239538706513667533e-19 6.299890070133427500e+00
4.252954968243141267e-19 6.299538436851182865e+00
4.266371229972615000e-19 6.298126859020070079e+00
4.279787491702088734e-19 6.279536820417121135e+00
4.293203753431561986e-19 6.262182483723992554e+00
4.306620015161035719e-19 6.246280861833706233e+00
4.320036276890509453e-19 6.231805931822433919e+00
4.333452538619983187e-19 6.218732147206886829e+00
4.346868800349456920e-19 6.207034428219948552e+00
4.360285062078930172e-19 6.196688152309468123e+00
4.373701323808404387e-19 6.176407161890866249e+00
4.387117585537877639e-19 6.150377503591522910e+00
4.400533847267350891e-19 6.125739744069397474e+00
4.413950108996825106e-19 6.102469980602412747e+00
4.427366370726298358e-19 6.080544735673185208e+00
4.440782632455772573e-19 6.059940948505706970e+00
4.454198894185245825e-19 6.040635966791787048e+00
4.467615155914719077e-19 6.022607538602402499e+00
4.481031417644193292e-19 5.999845780527319761e+00
4.494447679373666544e-19 5.975367916568764315e+00
4.507863941103140759e-19 5.952155372921571264e+00
4.521280202832614011e-19 5.930186948249766665e+00
4.534696464562087263e-19 5.909441809374687438e+00
4.548112726291561478e-19 5.889899484120619810e+00
4.561528988021034730e-19 5.871539854317039620e+00
4.574945249750508945e-19 5.854343148953599751e+00
4.588361511479982197e-19 5.838289937484163694e+00
4.601777773209456413e-19 5.823361123276198370e+00
4.615194034938928702e-19 5.809537937202082780e+00
4.628610296668402917e-19 5.796801931368784189e+00
4.642026558397876169e-19 5.785134972982673318e+00
4.655442820127349421e-19 5.774519238346117689e+00
4.668859081856823636e-19 5.764937206982772011e+00
4.682275343586296888e-19 5.756371655888420591e+00
4.695691605315771103e-19 5.748805653904404345e+00
4.709107867045244355e-19 5.742222556210692552e+00
4.722524128774717607e-19 5.736605998935769613e+00
4.735940390504191822e-19 5.731939893880551473e+00
4.749356652233665074e-19 5.728208423353645884e+00
4.762772913963139289e-19 5.725396035115331017e+00
4.776189175692612541e-19 5.723487437427671409e+00
4.789605437422085793e-19 5.722467594208330510e+00
4.803021699151560008e-19 5.722321720285583169e+00
4.816437960881033260e-19 5.723035276752238332e+00
4.829854222610507475e-19 5.724593966416121837e+00
4.843270484339980727e-19 5.726983729344874874e+00
4.856686746069453979e-19 5.730190738502925818e+00
4.870103007798928194e-19 5.734201395478460306e+00
4.883519269528401446e-19 5.739002326298343171e+00
4.896935531257875661e-19 5.744580377328950327e+00
4.910351792987348913e-19 5.750922611260961048e+00
4.923768054716822165e-19 5.758016303176185957e+00
4.937184316446296380e-19 5.765848936694538907e+00
4.950600578175769632e-19 5.774408200199361296e+00
4.964016839905243847e-19 5.783681983139294047e+00
4.977433101634717099e-19 5.793658372404975054e+00
4.990849363364191314e-19 5.804325648778886126e+00
5.004265625093664566e-19 5.815672283456656544e+00
5.017681886823137818e-19 5.827686934638287575e+00
5.031098148552612033e-19 5.840358444187657483e+00
5.044514410282085285e-19 5.853675834358823771e+00
5.057930672011559500e-19 5.867628304587643839e+00
5.071346933741032752e-19 5.882205228347197057e+00
5.084763195470506004e-19 5.897396150065684850e+00
5.098179457199980219e-19 5.913190782105327337e+00
5.111595718929453471e-19 5.929579001800988181e+00
5.125011980658927686e-19 5.946550848557175861e+00
5.138428242388400939e-19 5.964096521002127282e+00
5.151844504117874191e-19 5.982206374197761356e+00
5.165260765847348406e-19 6.000870916904228913e+00
5.178677027576821658e-19 6.020080808897909641e+00
5.192093289306295873e-19 6.039826858341694304e+00
5.205509551035769125e-19 6.060100019206352329e+00
5.218925812765242377e-19 6.080891388741978432e+00
5.232342074494716592e-19 6.102192204998352132e+00
5.245758336224189844e-19 6.123993844393174513e+00
5.259174597953664059e-19 6.146287819327215907e+00
5.272590859683137311e-19 6.169065775845236743e+00
5.286007121412610563e-19 6.192319491341859106e+00
5.299423383142084778e-19 6.216040872311289434e+00
5.312839644871558030e-19 6.240221952140041495e+00
5.326255906601032245e-19 6.264854888941728817e+00
5.339672168330505497e-19 6.289931963432998430e+00
5.353088430059979712e-19 6.315445576849799458e+00
5.366504691789452964e-19 6.341388248903055747e+00
5.379920953518926216e-19 6.367752615772991120e+00
5.393337215248400431e-19 6.394531428141240426e+00
5.406753476977873683e-19 6.421717549259959412e+00
5.420169738707347898e-19 6.449303953057206051e+00
5.433586000436821150e-19 6.477283722277755729e+00
5.447002262166294402e-19 6.505650046658694841e+00
5.460418523895767654e-19 6.534396221139012972e+00
5.473834785625240906e-19 6.563515644102511537e+00
5.487251047354715121e-19 6.593001815653329878e+00
5.500667309084188373e-19 6.622848335923430696e+00
5.514083570813662588e-19 6.653048903411375115e+00
5.527499832543135840e-19 6.683597313351731017e+00
5.540916094272609092e-19 6.714487456114535568e+00
5.554332356002083307e-19 6.745713315634112917e+00
5.567748617731556559e-19 6.777268967866734606e+00
5.581164879461030774e-19 6.809148579276492086e+00
5.594581141190504026e-19 6.841346405348794235e+00
5.607997402919977278e-19 6.873856789130973866e+00
5.621413664649451493e-19 6.906674159799411683e+00
5.634829926378924745e-19 6.939793031252655453e+00
5.648246188108398960e-19 6.973208000730037881e+00
5.661662449837872213e-19 7.006913747455224772e+00
5.675078711567345465e-19 7.040905031304261819e+00
5.688494973296819680e-19 7.075176691497556014e+00
5.701911235026292932e-19 7.109723645315368046e+00
5.715327496755767147e-19 7.144540886836344029e+00
5.728743758485240399e-19 7.179623485698578556e+00
5.742160020214714614e-19 7.214966585882831573e+00
5.755576281944187866e-19 7.250565404517388401e+00
5.768992543673661118e-19 7.286415230704209378e+00
5.782408805403135333e-19 7.322511424365893085e+00
5.795825067132608585e-19 7.358849415113041026e+00
5.809241328862082800e-19 7.395424701131695144e+00
5.822657590591556052e-19 7.432232848090341903e+00
5.836073852321029304e-19 7.469269488066207607e+00
5.849490114050503519e-19 7.506530318490407083e+00
5.862906375779976771e-19 7.544011101111574469e+00
5.876322637509450986e-19 7.581707660977673235e+00
5.889738899238924238e-19 7.619615885435547575e+00
5.903155160968397490e-19 7.657731723147974456e+00
5.916571422697871705e-19 7.696051183127773143e+00
5.929987684427344957e-19 7.734570333788701291e+00
5.943403946156819172e-19 7.773285302012852505e+00
5.956820207886292424e-19 7.812192272234113055e+00
5.970236469615765676e-19 7.851287485537523203e+00
5.983652731345239891e-19 7.890567238774117698e+00
5.997068993074713143e-19 7.930027883691005641e+00
6.010485254804187358e-19 7.969665826076413495e+00
6.023901516533660610e-19 8.009477524919340397e+00
6.037317778263133862e-19 8.049459491583641935e+00
6.050734039992608077e-19 8.089608288996181784e+00
6.064150301722081329e-19 8.129920530848815829e+00
6.077566563451555544e-19 8.170392880814000947e+00
6.090982825181028796e-19 8.211022051773678498e+00
6.104399086910502048e-19 8.251804805061262016e+00
6.117815348639976263e-19 8.292737949716412871e+00
6.131231610369449515e-19 8.333818341752442294e+00
6.144647872098923730e-19 8.375042883436050190e+00
6.158064133828396982e-19 8.416408522579178708e+00
6.171480395557871197e-19 8.457912251842762075e+00
6.184896657287344449e-19 8.499551108052157744e+00
6.198312919016817701e-19 8.541322171524033280e+00
6.211729180746291916e-19 8.583222565404515336e+00
6.225145442475765169e-19 8.625249455018318301e+00
6.238561704205239384e-19 8.667400047228804638e+00
6.251977965934712636e-19 8.709671589808582581e+00
6.265394227664185888e-19 8.752061370820607422e+00
6.278810489393660103e-19 8.794566718009535933e+00
6.292226751123132392e-19 8.837184998203060360e+00
6.305643012852606607e-19 8.879913616723255743e+00
6.319059274582079859e-19 8.922750016807492912e+00
6.332475536311554074e-19 8.965691679038961581e+00
6.345891798041027326e-19 9.008736120786483781e+00
6.359308059770500578e-19 9.051880895653578563e+00
6.372724321499974793e-19 9.095123592936454671e+00
6.386140583229448045e-19 9.138461837090916973e+00
6.399556844958922260e-19 9.181893287207941512e+00
6.412973106688395512e-19 9.225415636497782401e+00
6.426389368417868764e-19 9.269026611782477332e+00
6.439805630147342979e-19 9.312723972996559851e+00
6.453221891876816231e-19 9.356505512695880711e+00
6.466638153606290446e-19 9.400369055574351762e+00
6.480054415335763698e-19 9.444312457988500498e+00
6.493470677065236950e-19 9.488333607489682464e+00
6.506886938794711165e-19 9.532430422363809441e+00
6.520303200524184417e-19 9.576600851178474372e+00
6.533719462253658632e-19 9.620842872337345142e+00
6.547135723983131884e-19 9.665154493641658462e+00
6.560551985712606099e-19 9.709533751858781869e+00
6.573968247442079351e-19 9.753978712297575626e+00
6.587384509171552603e-19 9.798487468390586486e+00
6.600800770901026818e-19 9.843058141282867268e+00
6.614217032630500070e-19 9.887688879427273037e+00
6.627633294359974285e-19 9.932377858186267616e+00
6.641049556089447537e-19 9.977123279439922499e+00
6.654465817818920789e-19 1.002192337120021293e+01
6.667882079548395004e-19 1.006677638723129675e+01
6.681298341277868256e-19 1.011168060667585422e+01
6.694714603007342471e-19 1.015663433368727020e+01
6.708130864736815723e-19 1.020163589706754870e+01
