" particle 0 " 
0.0 44.29317073170732
1.0 41.76784565916399
2.0 38.09513960703206
3.0 32.79960513326752


" particle 1 " 
0.0 148.34948979591837
1.0 144.26707132018208
2.0 141.70731707317074
3.0 135.41673436230707
4.0 131.51399317406143
5.0 127.16345412490362
6.0 122.6039260969977
7.0 119.670260557053
8.0 114.78437754271766
9.0 111.2274052478134
10.0 107.10259179265658
11.0 104.0709939148073
12.0 97.656741108354
13.0 92.51318944844124
14.0 90.25158946412353
15.0 84.41698841698842
16.0 77.97303921568627


" particle 2 " 
0.0 187.9245283018868
1.0 187.14691151919865
2.0 191.47381864623244
5.0 198.15985356924955
8.0 203.58521560574948
9.0 207.73046875
10.0 210.3110599078341


" particle 3 " 
0.0 204.78085991678225
1.0 206.59203980099505
2.0 207.4298418972332
3.0 209.4211944319713
4.0 212.45682960255823
5.0 213.42220453641067
6.0 214.01781376518215
7.0 217.2193661971831
8.0 219.44141861937936
9.0 221.54703228045815
10.0 222.51514224533497
11.0 224.3407193320488
12.0 227.23276699029125
13.0 229.3332468206592
14.0 231.6039738704409
15.0 234.59154929577463
16.0 237.42076631977292
17.0 238.5237518177412
18.0 240.91981132075472
19.0 243.7005988023952
20.0 245.1919191919192
21.0 248.0975671566143
22.0 250.15652173913043
23.0 252.23614400757936
24.0 255.00780174391923
25.0 258.009702457956
26.0 261.22481302243733
27.0 264.47621313035205
28.0 267.35978112175104
29.0 270.0660334690185
30.0 272.0581449007845
31.0 275.0423818605637
32.0 277.52756311179803
33.0 279.87861136999067
34.0 283.569884364002
35.0 286.3689245087901
36.0 287.64093400047653
37.0 290.6575342465753
38.0 292.5595970900951
39.0 295.4106408706167
40.0 297.6509481037924
41.0 299.9072164948454
42.0 302.6737037037037
43.0 305.02344701583434
44.0 307.508522004579
45.0 310.7251769464105
46.0 314.7425074925075
47.0 317.4317829457364
48.0 319.7726117886179
49.0 322.88109161793375
50.0 325.7242006758513
51.0 329.79483320792576
52.0 333.415991638359
53.0 336.7097072419106
54.0 339.5331820760068
55.0 341.4564468503937
56.0 344.5914798206278
57.0 347.7618517694191
58.0 349.553026854802
59.0 347.59195211173926
60.0 345.5750190403656
61.0 343.9047619047619
62.0 340.4535642570281
63.0 337.2471876850207
64.0 334.5225856697819
65.0 332.28478260869565
66.0 328.7257101933636
67.0 326.56509261674927
68.0 323.4433962264151
69.0 320.83959835221424
70.0 318.4063152400836
71.0 315.5723237597911
72.0 312.7255308130502
73.0 310.6964699819634
74.0 306.3477814824314
75.0 303.05053272450533
76.0 303.2378677395021
77.0 307.6619808306709
78.0 313.5807291666667
79.0 320.45569620253167
80.0 325.3186028049749
81.0 329.300773480663
82.0 333.3626575630252
83.0 335.4105154105154
84.0 337.5354457572503
85.0 341.444416498994
86.0 344.5105071448585
87.0 349.37050147492624
88.0 351.82472067039106
89.0 355.0154954954955
90.0 356.8862329803328
91.0 359.1578116780641
92.0 361.084312573443
93.0 363.4881575666916
94.0 367.4210146669873
95.0 370.215994201498
96.0 372.3516098926738
97.0 374.0080106809079
98.0 376.877052545156
99.0 379.87603305785126
100.0 382.55977062196735
101.0 385.2191645218769
102.0 388.026435952896
103.0 391.38134430727024
104.0 393.11806730588455
105.0 395.5150278293136
106.0 397.80485091232754
107.0 400.4826813365933
108.0 403.23823529411766
109.0 405.6892793594306
110.0 408.90554689240366
111.0 411.1165005537098
112.0 414.3376941946034
113.0 416.24812613078313
114.0 418.7170596393897
115.0 420.58631020972575
116.0 423.1728232189973
117.0 424.4097469148714
118.0 427.099963649582
119.0 429.6141391106044
120.0 432.33407275953857
121.0 433.614301191766
122.0 435.11991614255766
123.0 437.8912947414936
124.0 439.8182446440912
125.0 441.3160933365408
126.0 443.0609375
127.0 444.5086794111184
128.0 446.18994928538496
129.0 448.9097044449616
130.0 450.58393521558327
131.0 452.8966419537724
132.0 455.6294509533655
133.0 459.70207148659625
134.0 461.7826859045505
135.0 465.5510158013544
136.0 468.7506361323156
137.0 470.1612175873732
138.0 473.6425826287471
139.0 476.4527211918517
140.0 479.5430107526882
141.0 482.5797619047619
142.0 486.7375173370319
143.0 489.649360712902
144.0 492.2799590303858
145.0 494.0417014178482
146.0 496.0181258549932
147.0 498.0163590604027
148.0 500.661558109834
149.0 502.6615252784919
150.0 502.2982714233174
151.0 502.8390894819466
152.0 502.7873147190624
153.0 502.59857837635616
154.0 503.0980883735506
155.0 503.2041237113402
156.0 503.1391715116279
157.0 503.24370095002064
158.0 503.35661989017694
159.0 504.2543502406516
160.0 504.2840867328188
161.0 509.1601861083416
162.0 514.5844057532173
163.0 521.3656776263032
164.0 525.9321357285429
165.0 530.3836206896551


" particle 4 " 
0.0 382.8065263908702
1.0 386.5990997135452
2.0 389.34670524792847
3.0 392.4391278013325
4.0 395.9154628143392
5.0 400.01551480959097
6.0 399.9577070954212
7.0 404.1127636560303
8.0 407.36246887694926
9.0 410.4505580883509
10.0 415.0526630760024
11.0 416.9143506380004
12.0 417.820222007722
13.0 414.1471119133574
14.0 416.3992737333564
15.0 418.1199549992969
16.0 418.5683347005743
17.0 418.4812118827464
18.0 419.17746066593486
19.0 421.4106220801573
20.0 425.20235892691954
21.0 432.67911519678256
22.0 431.5578999018646
23.0 433.1544293695132
24.0 434.5881636629323
25.0 438.0387527839644
26.0 439.56525
27.0 443.0678473434772
29.0 446.5970900951315
30.0 448.4858109867222


" particle 5 " 
0.0 214.8947368421053
1.0 215.81647940074907
2.0 218.0


" particle 6 " 
0.0 289.4608013937282
1.0 290.7724340175953
2.0 296.1128205128205
3.0 297.4456140350877
4.0 300.02570093457945
5.0 298.913123844732
6.0 304.5884074941452
7.0 307.7218200620476
8.0 308.53420870767104
9.0 307.56502571638504
10.0 312.0227722772277
11.0 313.640625
12.0 318.56230366492144
13.0 319.1480769230769
14.0 325.7170582226762
15.0 326.57654002213206
16.0 327.6373209772536
17.0 330.5980230642504
18.0 332.4766126566799
19.0 334.4950183534347
20.0 336.7674044265594
21.0 340.1495057660626
22.0 343.4066841907623
23.0 345.5984467793513
24.0 347.7953526294333
25.0 350.9294117647059
26.0 353.1449396084965
27.0 356.9936363636364
28.0 361.6146496815287
29.0 364.33595903899175
30.0 367.4031435853866
31.0 371.263753413968
32.0 373.72862632084536
33.0 377.47271970012497
34.0 381.2220272049144
35.0 384.26153846153846
36.0 387.2661290322581
37.0 390.5606110926602
38.0 393.8482384823848
39.0 398.5186590765338
40.0 406.1381064162754
41.0 412.8203105115805
42.0 419.5306176783813
43.0 425.4671052631579
44.0 425.6192492238216
45.0 425.8153719912473
46.0 425.2747511786275
47.0 424.1595974119339
48.0 424.81831238779176
49.0 426.4115012962527
50.0 425.6985154168253
51.0 424.4997496244367
52.0 422.5607071380921
53.0 421.1437892095358
54.0 419.62297297297295
55.0 419.1043395022336
56.0 418.2968495382944
57.0 418.4260197280725
58.0 418.6342947869807
59.0 417.4390243902439
60.0 415.8468335787923
61.0 416.3178068898593
62.0 415.6228610540725
63.0 414.5582797427653
64.0 413.9128160418483
65.0 412.062996031746
66.0 411.1339139902014
67.0 410.01888828926064
68.0 408.54697491392034
69.0 407.2512171372931
70.0 407.022356776898
71.0 406.26296958855096
72.0 405.5869230769231
73.0 402.8906848149724
74.0 402.4859405940594
75.0 398.81019274746814
76.0 398.1471816283925
77.0 403.3980995248812
78.0 410.0871508379888
79.0 416.5514874141877
80.0 423.948287910552
81.0 429.1673126614987
82.0 435.01420368691447
83.0 440.0553519061584
84.0 446.7999139414802
85.0 453.0808412750576
86.0 459.3990182328191
87.0 465.8543897216274
88.0 472.5309007232084
89.0 480.1111483093405
90.0 486.62408536585366
91.0 492.5840681951793
92.0 499.4892884468248
93.0 505.1765532752319
94.0 511.3569431500466
95.0 517.8222013170273
96.0 524.0092281879195
97.0 530.7421314191055
98.0 537.0729676787463
99.0 543.0866376969038
100.0 549.7510359116022
101.0 556.3162684869169
102.0 562.4858015267175
103.0 569.0544181034483


" particle 7 " 
0.0 247.4129593810445


" particle 8 " 
0.0 298.182061579652
1.0 297.89416716776907


" particle 9 " 
0.0 313.52932761087266
1.0 313.90921853065043
2.0 314.0316774658027
3.0 313.6713024872961
4.0 313.5163265306122
5.0 313.5405089890264
6.0 313.0855427713857
7.0 312.8902195608782
8.0 309.4011950490824
9.0 304.4790736607143
10.0 300.5244630071599
11.0 296.63473723443906
12.0 292.34445503654274
13.0 288.3370336108541
14.0 284.5352233676976
15.0 280.84415584415586
16.0 277.34623733719246
17.0 274.22212467076383
18.0 270.5968498659517
19.0 266.42244039270685
20.0 263.11494252873564
21.0 259.59132260321906
22.0 254.59627329192543
23.0 250.97088094360487
24.0 248.59435566133968
25.0 243.0241891148983
26.0 239.5757922871325
27.0 235.53890214797136
28.0 232.16486836426407
29.0 228.13687881429817
30.0 225.6438356164384
31.0 221.505657708628
32.0 218.2980561555076
33.0 212.2763726095003
34.0 209.1580345285525
36.0 200.84410646387832
37.0 196.48088360237887
38.0 194.59519038076152


" particle 10 " 
0.0 319.74053724053726
1.0 313.0921052631579
2.0 307.93027210884355
3.0 301.6616832779624
4.0 295.70918216710953
5.0 287.7116060961313
6.0 281.1423231742381
7.0 274.5068045726728
8.0 268.5052604567616
9.0 262.3179176143543
10.0 256.15483028720627
11.0 249.31586469747495
12.0 243.0075010715817
13.0 236.41952580195257
14.0 229.56516406010425
15.0 224.51246449984225
16.0 217.65328109696372
17.0 212.0201884253028
18.0 205.11782553729452
19.0 199.5825
20.0 193.28612884503767
21.0 186.21463266545237
22.0 179.6048660301817
23.0 171.94983050847458
24.0 164.49379490529066
25.0 155.5369349503859
26.0 148.40622627182992
27.0 140.56505376344086
28.0 133.9965034965035
29.0 125.2727969348659
30.0 119.24903793293018
31.0 112.39549839228296
32.0 105.0225988700565


" particle 11 " 
0.0 350.13086322428063


" particle 12 " 
0.0 456.0700064226076


" particle 13 " 
0.0 421.63919413919416
1.0 430.4257228315055


" particle 14 " 
0.0 407.1993127147766
3.0 408.43125


" particle 15 " 
0.0 516.51298290057
1.0 522.5045819014891
2.0 527.428964252979
3.0 534.8054654932839
4.0 540.090775988287


" particle 16 " 
0.0 401.14270386266094
1.0 405.1648009950249
2.0 409.7403100775194
3.0 413.4888698630137
4.0 418.3492450073064
5.0 420.08497246262783
6.0 421.7160399079048
7.0 422.38123282292895
8.0 424.18056828597616
9.0 425.8387553041018
10.0 428.6184118060436
11.0 434.0810397553517
13.0 439.9898762654668
14.0 441.8520084566596
15.0 447.12804328223626
16.0 450.2037037037037
17.0 455.0409756097561


" particle 17 " 
0.0 479.53903345724905
1.0 483.1526792268168
2.0 487.44463421577
3.0 489.4224028448057
4.0 492.8528838116467
5.0 497.5702255639098
6.0 501.21808318264016
7.0 504.0821631311623
8.0 507.0400132275132
9.0 510.3063583815029
10.0 513.2713062895423
11.0 515.7889523809524
12.0 518.9256698357822
13.0 521.125
14.0 524.6046676096181
15.0 528.7200938232994


" particle 18 " 
0.0 461.7046915932365
1.0 461.090237899918
2.0 460.56734269370776
3.0 460.24196649272176
4.0 459.6149986796937
5.0 458.4551946556093
6.0 458.1744948832328
7.0 457.8641207815275
8.0 456.8374648607207
9.0 456.2195192586157
10.0 455.937106918239
11.0 456.0553323029366
12.0 455.6991622239147
13.0 454.6629986244842
14.0 454.3546679499519
15.0 452.89180171592
16.0 452.23118766999096
17.0 451.8655943293348
18.0 451.9514639936692
19.0 452.2356125356125
20.0 450.85800070646417
21.0 449.5908096280088
22.0 449.06257242178447
23.0 448.94998187749184
24.0 448.7620610436495
25.0 448.18536585365854
26.0 448.4543585526316
27.0 449.4657534246575
28.0 450.4073380756271
29.0 450.5022727272727
30.0 450.07902345004817
31.0 449.23818248442655
32.0 449.1106094808126
33.0 448.6893883566691
34.0 448.1571618037135
35.0 447.9871746510751
36.0 447.2439919893191
37.0 446.5007776049767
38.0 446.0885372112917
39.0 446.4382391590013
40.0 446.3991720875222
41.0 445.3995243757432
42.0 442.8176721237946
43.0 441.23277802791534
44.0 448.0810754481034
45.0 456.3055455527548
46.0 465.9600232874054


" particle 19 " 
0.0 477.86476578411407
1.0 481.8500727802038
2.0 484.69004676018704
3.0 486.9188152567654
4.0 489.66369371329125
5.0 492.6877704395354
6.0 495.5924596050269
7.0 499.5665722379603
8.0 502.4055388578789
9.0 504.8862837045721
10.0 507.9634414513469
11.0 510.2093874833555
12.0 514.8715384615384
13.0 517.6777251184834
14.0 520.1800141743445
15.0 523.6264501160093
16.0 528.0611570247934


" particle 20 " 
0.0 498.1695603989656
1.0 494.8920669185105
2.0 492.1595904095904
3.0 490.3725099601594
4.0 488.6394483362522
5.0 486.4748847926267
6.0 484.5253000706048
7.0 484.0283720930233
8.0 483.62371134020617
9.0 482.7323209428831
10.0 482.49692552949216
11.0 482.73808981080464
12.0 481.1217652495379
13.0 480.262313601446
14.0 478.8817106460419
15.0 478.1230734360834
16.0 476.29099756691
17.0 473.9433883434301
18.0 471.71023359288097
19.0 470.3606965174129
20.0 470.327096162956
21.0 470.3292228943695
22.0 470.0628944995492
23.0 470.26018207954
24.0 470.7137042062415
25.0 468.6812278630461
26.0 467.3554192229039
27.0 466.6223154776598
28.0 464.70771756978655
29.0 463.7757313109426
30.0 462.5427706283119
31.0 461.0511247443763
32.0 460.3222156045265
33.0 459.6911942098914
34.0 458.3257311510598
35.0 457.0191484001008
36.0 455.1750452898551
37.0 454.5497699200775
38.0 452.4355522313638
39.0 449.51072860174486
40.0 446.3468697123519
41.0 443.3741935483871
42.0 441.3770601336303
43.0 442.30342910101945
44.0 451.42792470812486


" particle 21 " 
1.0 360.7522842639594
2.0 358.15685372585097
3.0 361.27203065134097
4.0 363.3888888888889
5.0 365.27856468366383
6.0 368.5703153988868
7.0 372.8429014740109
8.0 374.1066796368353
9.0 376.8255114320097
10.0 378.7915441176471
11.0 381.576166602391
12.0 384.39108207895487
13.0 391.57230273752015
14.0 394.41026479241583
15.0 395.1471996170416
16.0 396.2880932556203
17.0 398.2344716321592
18.0 402.2874775583483
19.0 404.3208255159475
20.0 407.2637153720804
21.0 410.3352657004831
22.0 413.31027125876255
23.0 419.6386125302501
24.0 419.4275974025974
25.0 423.65327747658944
26.0 426.23033126294
27.0 427.5991839296924
28.0 430.01758620689657
29.0 434.3670389375189
30.0 436.5637489445539
31.0 441.3413215449046
32.0 445.1187796208531
33.0 447.4218843172332
34.0 449.3001765744556
35.0 450.1863930278324
36.0 451.5217787913341
37.0 453.7564392227745
38.0 453.59968144412
39.0 452.30071409679977
40.0 453.157263559553
41.0 455.21544058205336
42.0 455.79320531757753
43.0 457.6293987532677
44.0 462.2613488975357
45.0 466.3690713431646
46.0 472.0321377840909
47.0 478.1724840023269
48.0 485.8361252731245
49.0 489.20720259429936
50.0 493.3207144761397
51.0 501.61112246984254
52.0 507.2596611964002
53.0 512.5997615262321
54.0 519.2852777777778
55.0 526.0769607843138
56.0 533.2238095238096
57.0 539.8745851528384
58.0 545.0456707897241
59.0 553.1021212121212
60.0 558.2840062111801
61.0 566.1696366177498


" particle 22 " 
1.0 290.7647058823529


" particle 23 " 
1.0 559.7651515151515
2.0 555.9324894514768
3.0 554.5918544194108
4.0 553.5107296137339


" particle 24 " 
1.0 469.5944195316393
2.0 464.1131782945736
3.0 468.18396770472896
4.0 469.820593809223
5.0 478.4380165289256
6.0 481.14187927815806
8.0 488.8211708099439


" particle 25 " 
2.0 117.15619967793882
3.0 112.57665094339625
4.0 113.12084993359892
5.0 112.19064386317908
6.0 111.03423236514524
7.0 109.53223046206504
8.0 108.74334505273733
9.0 107.5552995391705
10.0 108.29504504504504
11.0 107.81080045959402
12.0 106.6904761904762
13.0 104.12298179319822
14.0 102.18596881959913
15.0 100.091968503937
16.0 97.13047910295616
17.0 95.82447257383966
18.0 92.64977375565611
19.0 91.42131979695432
20.0 90.4338886919532
21.0 89.61889663918834
22.0 89.09692074709743
23.0 87.84751934456077
24.0 86.34070175438596
25.0 84.88739412057798
26.0 84.36673114119922
27.0 83.77015643802648
28.0 81.68269733403032
29.0 78.444366689993
30.0 76.67484232655922
31.0 76.6875
32.0 75.63790322580645
33.0 72.96775769418662
34.0 70.7908611599297
35.0 66.8813775510204


" particle 26 " 
2.0 263.4671403197158


" particle 27 " 
2.0 295.472602739726
3.0 299.3197969543147


" particle 28 " 
2.0 515.0334835801674
3.0 521.9618593563766
4.0 530.18573551263
5.0 536.2115677321157


" particle 29 " 
3.0 294.4565050038491
5.0 298.4394171779141
6.0 290.28167539267014
7.0 289.12358703843256
8.0 283.8608414239482
9.0 278.1076011846002
10.0 273.1994818652849
11.0 267.44499449944993
12.0 261.68464961067855
13.0 255.01179138322
14.0 249.78978978978975
15.0 245.1667540639748
16.0 241.7095652173913
17.0 235.00222222222223
18.0 230.17533333333333
19.0 224.29648497198167
20.0 218.7966890843249
21.0 213.956498951782
22.0 208.3231420507996
23.0 203.45351283129995
24.0 197.5332532051282
25.0 190.6705
26.0 183.62829457364344
27.0 177.34057971014494
28.0 172.2409581963363
29.0 165.62998976458547
30.0 159.71558650241028
31.0 154.4920787325972
32.0 149.67389783065082
33.0 141.3731553056922
34.0 135.766
35.0 129.1997690531178
36.0 120.6737668161435
37.0 116.15889830508476


" particle 30 " 
3.0 226.3470715835141


" particle 31 " 
4.0 418.2002096436059


" particle 32 " 
4.0 283.0907216494845
5.0 282.94847775175646


" particle 33 " 
4.0 538.8774193548387
5.0 539.1638554216868
6.0 538.8962962962963
7.0 535.6072088724584
8.0 529.3847305389222
10.0 521.5508771929825


" particle 34 " 
5.0 226.09018036072143
6.0 227.91062801932367
7.0 230.69161676646704
8.0 233.8168016194332
9.0 235.3209302325581
11.0 239.2184368737475


" particle 35 " 
5.0 550.1739130434783
6.0 555.7521160822249
7.0 562.0670303975058
8.0 568.2970430107526


" particle 36 " 
7.0 429.9354066985646
10.0 438.9246323529412


" particle 37 " 
7.0 523.3248081841432
8.0 520.5483870967741


" particle 38 " 
8.0 405.98837209302326
9.0 413.8958837772397
11.0 415.2593800978793


" particle 39 " 
8.0 330.91743119266056


" particle 40 " 
8.0 324.0310650887574
11.0 321.01383125864453


" particle 41 " 
8.0 236.0


" particle 42 " 
9.0 268.1136363636364
10.0 264.16212871287127
11.0 263.8907363420428


" particle 43 " 
10.0 505.7643149284253
11.0 498.5928694652099


" particle 44 " 
10.0 340.9502868068833


" particle 45 " 
11.0 507.91426344505066
12.0 506.5316995205114
13.0 503.5545023696682


" particle 46 " 
11.0 496.8511713367019
12.0 496.0715630885122
13.0 501.03988245172127
14.0 500.7124653739612
15.0 501.6335814722912
16.0 503.3471400394477
19.0 511.6337920489297
20.0 512.858958068615
21.0 514.5024813895782
23.0 516.5498763396538


" particle 47 " 
11.0 348.0
13.0 343.1895332390382


" particle 48 " 
12.0 253.4129400570885
13.0 255.24926253687315


" particle 49 " 
12.0 424.0385135135135
13.0 417.75589910496336
14.0 420.181654676259
15.0 421.1597466572836
16.0 420.4621212121212
17.0 418.8411330049261
19.0 419.4730215827338
21.0 418.6895213454075
22.0 420.3236797274276
23.0 419.569323509712
25.0 420.3238731218698


" particle 50 " 
12.0 423.9682997118156


" particle 51 " 
13.0 219.76693227091636


" particle 52 " 
13.0 517.2086513994911


" particle 53 " 
14.0 483.5477239353891
15.0 486.3946912867859
18.0 487.3486055776892


" particle 54 " 
14.0 495.0217729393468
16.0 486.90064102564105
17.0 480.8159371492705
19.0 481.3021505376344


" particle 55 " 
14.0 249.68007662835248
15.0 251.2445652173913
16.0 253.36389684813756
17.0 254.0528455284553
19.0 257.68677494199534
21.0 260.5
23.0 265.0
25.0 268.5
26.0 271.0923076923077
28.0 278.0852878464819
29.0 280.0371352785146
30.0 282.0205338809035
31.0 283.4863813229572
32.0 286.05929487179486
33.0 287.0


" particle 56 " 
14.0 242.4878345498784
15.0 241.63702171664943
16.0 231.9770897832817
17.0 227.6681664791901
18.0 220.3421633554084
19.0 213.7808417997097
20.0 205.1515570934256
21.0 197.25064377682403
22.0 195.72603406326036
23.0 186.5687748783724
24.0 180.7923617208077
25.0 173.46907940969783
26.0 168.1014652014652
27.0 161.50906488549617
28.0 154.19794140934283
29.0 146.53294746215494
30.0 138.31971995332557
31.0 132.15945568736916
32.0 124.3327246165084
33.0 117.25155620651776
34.0 110.0544340302812
35.0 102.00684104627769
36.0 93.11106750392464
37.0 84.55239852398525


" particle 57 " 
15.0 247.1038961038961


" particle 58 " 
15.0 453.4329710144928


" particle 59 " 
16.0 337.0613718411552
17.0 341.0848142164782
18.0 343.69718309859155
19.0 333.92294520547944
21.0 333.62145748987854


" particle 60 " 
17.0 465.3616803278688
18.0 469.21102362204726


" particle 61 " 
19.0 452.6744186046512
20.0 456.38647746243737
21.0 453.0824468085106
22.0 457.61377613776136


" particle 62 " 
20.0 410.23062558356673
24.0 410.4321819713564
26.0 414.4454371410338
28.0 416.8667355371901
29.0 419.5553250345781
30.0 410.52840909090907
31.0 410.50316957210777
32.0 416.57688442211054
33.0 413.35057471264366
34.0 417.6413333333333
35.0 418.8308080808081
36.0 410.129363449692
37.0 418.4457013574661
38.0 415.41476923076925
39.0 418.3965517241379
40.0 418.20301783264745
41.0 414.6750972762646
42.0 416.6348484848485
43.0 416.4911785462244
44.0 424.0308182784272
45.0 430.19789983844913


" particle 63 " 
21.0 322.1756487025948


" particle 64 " 
21.0 460.9216965742251


" particle 65 " 
23.0 448.0196078431373


" particle 66 " 
23.0 433.896017699115


" particle 67 " 
23.0 251.2076612903226
24.0 249.8410404624277
25.0 250.9219088937093
28.0 246.12401883830452
29.0 240.9158878504673
30.0 237.63319672131144
31.0 236.5076923076923
32.0 233.7703125
33.0 229.68852459016392
34.0 229.6383701188455
35.0 225.4709076803724
36.0 222.8365122615804
37.0 219.19025974025973
38.0 215.66942833471413
39.0 211.40544959128064
40.0 208.26188620420888
41.0 204.95889724310777
42.0 203.88508442776737
43.0 204.1811685582177
44.0 210.02586206896552
45.0 218.0983796296296


" particle 68 " 
25.0 161.09100204498978


" particle 69 " 
26.0 361.20238095238096


" particle 70 " 
28.0 453.0266535044423
31.0 451.1915246212121
32.0 454.256354786371
33.0 457.1422623178348
34.0 459.324577373212
35.0 468.26037234042553
36.0 464.25408805031446
37.0 468.3535647474537
38.0 471.3888631090487
39.0 473.50639853747714
40.0 475.3394719325494
41.0 476.2481652622996
42.0 480.3447170113837
43.0 484.2319084483339
44.0 489.3904365904366
45.0 494.5399154439194
46.0 500.30819552971104
47.0 505.5547843331681
48.0 510.3351366742597
49.0 515.5892393320964
50.0 520.3439740920657
51.0 523.4606809890555
52.0 528.2259525712764
53.0 532.3316475095785
54.0 537.345584725537
55.0 541.1675457648154
56.0 547.2936197916666
57.0 551.3433454819656
58.0 556.0164398329066
59.0 560.1940424632935
60.0 565.0361961598339
61.0 569.1303482587065


" particle 71 " 
28.0 419.2183734939759


" particle 72 " 
28.0 364.4929577464789
29.0 366.83499005964217


" particle 73 " 
28.0 516.8675324675324


" particle 74 " 
28.0 402.5086646279306


" particle 75 " 
30.0 386.7485875706215
33.0 387.3843175217812


" particle 76 " 
30.0 136.5673828125
31.0 132.45755237045205


" particle 77 " 
31.0 162.98829039812645
32.0 164.6103092783505
33.0 157.21546261089986
35.0 152.70731707317074
37.0 155.23674383868558
39.0 153.22263588979897
40.0 151.33646112600536
41.0 149.44577591372078
42.0 147.54756195043964
43.0 150.49828884325805
44.0 156.31943815133667
45.0 165.10395655546935
46.0 171.31627491817912
47.0 177.33704363312555
48.0 186.74310283052668
49.0 190.28444027223657
50.0 197.3658034137728
51.0 203.49914903963045
52.0 210.33911205074
53.0 216.40517607127703
54.0 223.21775025799795
55.0 232.62954618603155
56.0 237.3210144927536
57.0 244.12570621468927
58.0 252.6368266405485
59.0 259.51770736253496
60.0 262.0888707037643
61.0 267.2912012241775
62.0 270.27712637260373
63.0 275.4683559799241
64.0 280.57843770174304
65.0 285.8427685950413
66.0 291.25351546805945
67.0 296.138761944329
68.0 300.31534954407294
69.0 304.0420897718911
70.0 307.9576041854592
71.0 311.92238267148014
72.0 315.81532217148657
73.0 318.99618414574104
74.0 322.0699210568713
75.0 328.02220914840416
76.0 335.69312571211543
77.0 335.64372864812105
78.0 333.0352457930304
79.0 330.53887362637363
80.0 329.0293804231999
81.0 326.6280584913856
82.0 324.3644005308951
83.0 322.84858369098714
84.0 320.83529202279203
85.0 319.0736959346575
86.0 316.75525812619503
87.0 315.26646706586826
88.0 313.3566206336312
89.0 311.3993951612904
90.0 309.3768740629685
91.0 305.60414666922634
92.0 302.7843918443872
93.0 300.5869668246445
94.0 298.54497607655503
95.0 296.59712942341
96.0 294.7967875395473
97.0 292.4917992047714
98.0 290.4963627546072
99.0 287.0749454280863
100.0 284.63233752620545
101.0 282.34353059177533
102.0 280.3859835412796
103.0 278.3984620761971
104.0 275.35623159960744
105.0 272.6235361325336
106.0 270.56303317535543
107.0 266.7186088527552
108.0 264.55318103660034
109.0 262.5831960461285
110.0 260.3723889555822
111.0 256.6108468125595
112.0 254.438362684436
113.0 252.25089777352167
114.0 249.38147943183915
115.0 244.6009086143631
116.0 239.4017857142857
117.0 234.12033121916843
118.0 229.26997162908765
119.0 224.51960121662725
120.0 219.80346910329877
121.0 214.7948555096856
122.0 209.9962591396021
123.0 204.82156568185613
124.0 200.11085491308972
125.0 194.14597920645025
126.0 189.10585152838428
127.0 183.9669749009247
128.0 183.22016936104697
129.0 192.02105263157893


" particle 78 " 
31.0 314.8818181818182


" particle 79 " 
33.0 122.46009389671362
34.0 115.45196506550218
35.0 112.81695721077656
36.0 108.04509283819628
37.0 104.2380062305296
38.0 97.0053317535545
39.0 93.0262891809909
40.0 87.26383896477354
41.0 79.241443683883
44.0 77.88844621513944


" particle 80 " 
33.0 298.3091286307054
34.0 296.868501529052
35.0 295.4238178633976
37.0 300.58263971462543
38.0 297.9601593625498
39.0 301.04437564499483
42.0 309.45982142857144
43.0 309.7117903930131
44.0 314.5859424920128
45.0 317.48113790970933
46.0 320.27020408163264
47.0 323.4453125
48.0 326.7915309446254
49.0 330.17888563049854
50.0 332.9590792838875
51.0 336.420901932713
52.0 338.8922980588604
53.0 342.078496868476
54.0 342.5128630705394
55.0 346.1066411238825
56.0 347.7191671115857
57.0 350.7927829414981
58.0 352.4765193370165
59.0 354.2617866004963
60.0 357.1546700942588
61.0 359.3446284174047
62.0 361.8160500260552
63.0 363.8475016223232
64.0 366.84579194981706
65.0 369.5032987747408
66.0 371.6638977635783
67.0 373.45556552962296
68.0 376.5835694050991
69.0 379.45574817518246
70.0 381.5480464625132
71.0 383.0767410412441
72.0 386.0010758472297
73.0 391.0704507512521
74.0 393.198717948718
75.0 396.84645669291336
76.0 399.4377055169894
77.0 403.1320395738204
78.0 405.9375
79.0 407.7495098039216
80.0 410.74531575294935
81.0 412.60327198364007
82.0 414.0005170630817
83.0 417.7609467455621
84.0 421.89283322170127
85.0 424.1730894839974
86.0 426.30500894454383
87.0 429.7063599458728
88.0 433.56239957150507
89.0 436.2444076222038
90.0 438.3757062146893
91.0 439.8334237655996
92.0 441.70086778968863
93.0 445.4207142857143
94.0 447.3443780554047
95.0 451.5779694757797
96.0 452.557345971564
97.0 455.4590163934426
98.0 457.4983339503888
99.0 460.52286049237983
100.0 461.8404255319149
101.0 465.6340679522498
102.0 466.6227031441405
103.0 464.701207635372
104.0 462.4326404926867
105.0 460.5524091293322
106.0 458.2906276870164
107.0 455.1869918699187
108.0 453.353198948291
109.0 453.6556042579837
110.0 455.4997198879552
111.0 458.022816166884
112.0 461.3067205659424
113.0 463.0270916334661
114.0 464.59452736318406
115.0 466.5926449787836
116.0 469.0919234856536
117.0 471.5711881521373
118.0 474.255600229753
119.0 474.5369609856263
120.0 477.2431561996779
121.0 479.6305220883534
122.0 481.2792834175471
123.0 483.9457587997692
124.0 486.1546468401487
125.0 487.7317312408043
126.0 489.9607649192219
127.0 492.9634111207145
128.0 496.0939383197448
129.0 499.3559135847675
130.0 502.35876132930514
131.0 505.6105105105105
132.0 507.2752613240418
133.0 509.2198053806525
134.0 512.0093567251462
135.0 514.9135291683906
136.0 515.8773848893411
137.0 517.098315382491
138.0 520.1739482200647
139.0 523.9100901916572
140.0 527.493972179289
141.0 531.8724452105392
142.0 533.7706279190452
143.0 536.6281041792853
144.0 538.843137254902
145.0 541.5319396051103
146.0 546.1735601082335
147.0 549.4024122807018
148.0 552.8867505551443
149.0 554.0372950819672
150.0 557.3463541666666
151.0 559.6741842610364
152.0 562.9225712198685
153.0 566.8986784140969


" particle 81 " 
34.0 355.2948402948403


" particle 82 " 
34.0 154.0909090909091
38.0 159.70033222591363


" particle 83 " 
38.0 74.78539733763614
39.0 68.51141552511416


" particle 84 " 
39.0 104.67964404894327


" particle 85 " 
40.0 175.6673076923077


" particle 86 " 
41.0 306.8260869565217


" particle 87 " 
41.0 249.03315881326355
43.0 246.01174496644296
44.0 253.0897187196896
45.0 260.44167532018
46.0 269.60532687651335
47.0 277.3880208333333
48.0 286.4910986775178


" particle 88 " 
42.0 55.09032258064517
43.0 59.58759124087591


" particle 89 " 
43.0 292.7754237288136


" particle 90 " 
45.0 58.04459930313589


" particle 91 " 
45.0 462.79356751824815


" particle 92 " 
46.0 228.5511288180611
47.0 234.34696823869103
48.0 244.1881188118812
49.0 251.8330651649236
50.0 258.7104825291181
51.0 267.80956761729533
52.0 275.89096385542166
53.0 284.6140939597315
54.0 292.414800389484
55.0 299.9032793690328
56.0 308.7179602888087
57.0 315.6666666666667
58.0 325.6188753699441
59.0 334.75453100158984
60.0 340.8130841121495
61.0 348.0632954936361
62.0 357.4715409532624
63.0 364.04531835206
64.0 371.5664659564613
65.0 378.1320754716981
66.0 385.4938181818182
67.0 394.1458519179304
68.0 400.5064846416382
69.0 408.8126899696049
70.0 417.5103692463328
71.0 424.8537690067939
72.0 432.9106501794974
73.0 440.128010139417
74.0 449.9846851956892
75.0 457.07227138643066
76.0 462.9497842291095
77.0 462.27793904209
78.0 458.8013289036545
79.0 456.657477601654
80.0 454.87581699346407
81.0 452.72561185798
82.0 450.7079684763573
83.0 448.61479591836735
84.0 446.9688473520249
85.0 446.25824175824175
86.0 443.6405750798722
87.0 440.71440064360416
88.0 438.6070796460177
89.0 436.3925327951564
90.0 433.8859357696567
91.0 432.2880698351115
92.0 430.032590051458
93.0 426.4795737122558
94.0 424.3113912231559
95.0 421.04361210877374
96.0 416.5752718946766
97.0 413.053276178812
98.0 411.333661902415
99.0 407.79328436516266
100.0 402.76040428061833
101.0 399.4865671641791
102.0 398.7997347480106
103.0 397.787369640788
104.0 394.0917573872473
105.0 389.8878822197056
106.0 386.5353535353535
107.0 383.9068877551021
108.0 380.3966131907308
109.0 376.9810938555031
110.0 374.9589442815249
111.0 372.3711229946524
112.0 370.53333333333336
115.0 372.94444444444446
116.0 378.8219178082192


" particle 93 " 
46.0 473.5444272102814


" particle 94 " 
46.0 441.502030869212
47.0 448.6834249803613


" particle 95 " 
46.0 108.3943275388838


" particle 96 " 
46.0 69.93742293464858


" particle 97 " 
47.0 476.2965565706255


" particle 98 " 
47.0 127.31416400425984


" particle 99 " 
47.0 486.6190476190476
48.0 496.3534649632211


" particle 100 " 
47.0 82.43148978574987


" particle 101 " 
47.0 119.91666666666669


" particle 102 " 
48.0 94.6873773708306


" particle 103 " 
48.0 143.03304347826088


" particle 104 " 
48.0 486.4389254941713


" particle 105 " 
49.0 509.49416909620993
50.0 518.7777777777778


" particle 106 " 
49.0 296.52648949105435
50.0 305.1529465718872
51.0 314.1642101284958


" particle 107 " 
49.0 497.3862766120386
50.0 506.60757277303566
51.0 516.0232394366197
52.0 524.9811372334609


" particle 108 " 
49.0 157.64752066115702


" particle 109 " 
49.0 105.53970701619122


" particle 110 " 
50.0 118.28778399736582


" particle 111 " 
50.0 176.80084490042245


" particle 112 " 
51.0 128.18029115341545


" particle 113 " 
51.0 378.60105448154656
52.0 382.2987012987013


" particle 114 " 
51.0 192.5169743895176


" particle 115 " 
51.0 464.7308743169399


" particle 116 " 
52.0 138.61484536082477


" particle 117 " 
52.0 204.27146464646464


" particle 118 " 
52.0 324.54970326409494


" particle 119 " 
53.0 393.64935064935065
54.0 396.2110091743119


" particle 120 " 
53.0 535.8932628280454


" particle 121 " 
53.0 149.1072408118486


" particle 122 " 
53.0 185.008547008547


" particle 123 " 
53.0 225.4985902255639


" particle 124 " 
53.0 334.57216656230435
54.0 343.48682268606365
55.0 352.23182481751826
56.0 360.5659046692607
57.0 368.79217719132896


" particle 125 " 
54.0 162.9800332778702


" particle 126 " 
54.0 237.7370731707317


" particle 127 " 
54.0 546.1762034514078
55.0 555.8296126066973
56.0 565.6301055530059


" particle 128 " 
55.0 252.2757148954332


" particle 129 " 
55.0 520.3930013458951


" particle 130 " 
55.0 173.5103346456693


" particle 131 " 
56.0 268.2496754651666


" particle 132 " 
56.0 537.5893371757925


" particle 133 " 
56.0 185.15713028169012


" particle 134 " 
57.0 285.93801302009626


" particle 135 " 
57.0 197.0835229119272


" particle 136 " 
58.0 207.43263403263404


" particle 137 " 
58.0 55.3087323943662
59.0 64.93587617468215


" particle 138 " 
58.0 304.80756880733946


" particle 139 " 
58.0 456.8217821782178
60.0 449.5


" particle 140 " 
58.0 379.1200627779231


" particle 141 " 
59.0 218.1484375


" particle 142 " 
59.0 389.51092007434943
60.0 398.3894206549118


" particle 143 " 
59.0 324.5206057596822
60.0 334.37758575543336


" particle 144 " 
60.0 228.57544757033247


" particle 145 " 
60.0 78.66968781470293


" particle 146 " 
60.0 431.9476334340383
61.0 434.270332187858


" particle 147 " 
61.0 351.83744805670983


" particle 148 " 
61.0 408.3052325581396
62.0 415.8482532751092


" particle 149 " 
61.0 89.5031185031185


" particle 150 " 
61.0 241.71561771561773


" particle 151 " 
62.0 253.59233449477352


" particle 152 " 
62.0 101.73787110789284
63.0 109.81132075471696


" particle 153 " 
62.0 372.11832797427655


" particle 154 " 
62.0 444.38956805215975


" particle 155 " 
63.0 390.2527233115469
64.0 391.06768558951967
66.0 399.5144927536232


" particle 156 " 
63.0 265.74347826086955


" particle 157 " 
63.0 425.8498253783469


" particle 158 " 
63.0 388.7867340215243


" particle 159 " 
63.0 266.1982543640898
64.0 267.98809523809524
65.0 269.7205346294046
66.0 271.1461716937355
67.0 272.125
68.0 275.4036598493003
70.0 279.8838526912181
71.0 284.57019607843137
74.0 293.86531986531986
75.0 299.65879828326183
76.0 304.99068901303536


" particle 160 " 
64.0 466.7244318181818
65.0 466.93617021276594
68.0 461.3209785025945
70.0 458.0809443507589
71.0 456.9485179407176
72.0 466.60187353629976
73.0 466.5665374677002
74.0 459.749766573296
75.0 450.29337175792506


" particle 161 " 
64.0 399.27424308907416


" particle 162 " 
64.0 280.7454545454545


" particle 163 " 
64.0 458.19126637554587
65.0 461.04229074889867


" particle 164 " 
64.0 124.86486486486488


" particle 165 " 
65.0 136.69158878504672
66.0 143.97716894977168


" particle 166 " 
65.0 291.0510328068044


" particle 167 " 
65.0 420.8936597110754


" particle 168 " 
66.0 472.2662141779789


" particle 169 " 
66.0 435.2084195997239


" particle 170 " 
66.0 380.815668202765


" particle 171 " 
66.0 302.2609034267913


" particle 172 " 
67.0 313.37157534246575


" particle 173 " 
67.0 156.2864077669903
68.0 165.0


" particle 174 " 
67.0 413.4246913580247
68.0 421.55023923444975
69.0 420.8107438016529
70.0 424.97314049586777


" particle 175 " 
67.0 455.1360305829882


" particle 176 " 
68.0 328.34563561804333


" particle 177 " 
68.0 473.4506172839506


" particle 178 " 
68.0 485.2904446546831
69.0 490.09982014388487
70.0 491.0991253644315
71.0 495.6092503987241
72.0 505.0614709110867
73.0 511.2004121586811
74.0 515.69375


" particle 179 " 
69.0 412.77777777777777


" particle 180 " 
69.0 484.482052578362


" particle 181 " 
70.0 221.76363636363635


" particle 182 " 
70.0 352.6794717887155


" particle 183 " 
70.0 502.9843290891283


" particle 184 " 
71.0 366.3801896044459


" particle 185 " 
71.0 74.0


" particle 186 " 
71.0 249.60057061340945


" particle 187 " 
71.0 521.7593213651608


" particle 188 " 
71.0 439.0777777777778


" particle 189 " 
71.0 431.558867362146
72.0 439.8577441077441


" particle 190 " 
72.0 377.646518745218


" particle 191 " 
72.0 539.6346677030704


" particle 192 " 
72.0 451.7309677419355
73.0 452.7454774926378
74.0 456.4076723016905


" particle 193 " 
73.0 558.9125277983692


" particle 194 " 
73.0 118.55627306273064
74.0 123.13449023861172
75.0 128.69306282722513
76.0 132.1081386586285
77.0 134.62339743589743
78.0 133.86251067463706
79.0 134.93254982115482
80.0 133.40114285714284
81.0 131.22528460155783
82.0 130.62182116488924
83.0 131.66237113402062
84.0 130.82269503546098
85.0 126.14747307373652
86.0 124.62222222222222


" particle 195 " 
73.0 450.927813163482


" particle 196 " 
73.0 89.8671497584541


" particle 197 " 
73.0 390.4752038043478


" particle 198 " 
74.0 305.15315315315314


" particle 199 " 
74.0 461.6554054054054
75.0 470.543391188251
76.0 478.4603274559194
77.0 475.033656588705
78.0 471.3763530391341
79.0 467.2080237741456
80.0 464.214406779661
81.0 459.71083627797407
82.0 454.4534574468085
83.0 448.8052550231839
84.0 443.1461619348055
85.0 438.3095238095238
86.0 433.7890909090909
87.0 427.8031496062992
88.0 422.3319672131148
89.0 416.5604534005038
90.0 415.23666343355967
91.0 410.9130036630037
92.0 410.3184466019417
93.0 406.9822485207101
94.0 401.6353846153846
95.0 397.6361111111111
96.0 392.7905102954342
97.0 389.6192893401016
98.0 385.7258979206049
99.0 380.7564276048714
100.0 376.5010940919037
101.0 372.1929648241206
102.0 369.2823383084577
103.0 364.82933333333335
104.0 359.4888888888889
105.0 354.61497730711045
106.0 350.25
107.0 347.492443324937
108.0 342.9907407407408
109.0 338.27768595041323
110.0 334.0412844036697
111.0 329.1246707638279
112.0 325.9899833055092
113.0 321.62627406568515
114.0 314.1102702702703
115.0 308.9876160990712
116.0 305.1102362204724
117.0 299.1786643538595
118.0 294.60353535353534
119.0 289.4692849949648
120.0 282.6144244105409
121.0 278.8312101910828
122.0 272.1199478487614
123.0 264.5393586005831


" particle 200 " 
74.0 475.61736334405145
75.0 471.1329185520362
77.0 471.35283687943263
78.0 473.8087774294671


" particle 201 " 
74.0 569.3194945848376


" particle 202 " 
74.0 103.27720207253886


" particle 203 " 
74.0 402.2688442211056


" particle 204 " 
75.0 523.819944598338
76.0 527.5058499655885
77.0 525.3373605947955
78.0 524.494512588767
79.0 528.1554770318021
80.0 525.2725880551302
81.0 526.3965183752417
82.0 528.02734375
85.0 523.9168377823408
86.0 526.2574626865671
90.0 527.4719387755102
92.0 522.1172839506173


" particle 205 " 
75.0 569.1956614206721
76.0 566.0657084188912


" particle 206 " 
75.0 415.7592805204745
78.0 411.5481823427582
79.0 407.3313609467456
80.0 402.0390243902439
81.0 397.7098901098901
82.0 389.4885777450258
83.0 391.1721698113208
84.0 383.60635226179016


" particle 207 " 
75.0 467.9209659714599
76.0 469.0314561136479
77.0 470.5460240963856
78.0 469.97995090016366
79.0 470.2557575757576
80.0 471.4338412189254
81.0 463.9361963190184
82.0 461.8957816377171
83.0 461.95238095238096
85.0 469.6279069767442
86.0 470.5015923566879
87.0 471.0150943396226
88.0 471.6439909297053
90.0 472.0282776349615
91.0 474.30514705882354
92.0 475.22040072859744


" particle 208 " 
75.0 113.38764783180028
76.0 121.31062670299728
77.0 119.45712098009189
78.0 112.3714971977582
79.0 108.04721362229104
80.0 105.44099378881988
81.0 99.18940493468796
82.0 96.6721649484536
83.0 88.42376111817026
84.0 84.70991253644314
85.0 77.4398249452954
86.0 73.18007202881152
87.0 69.48667079975202
88.0 61.318883906327855
89.0 56.74445564516129
90.0 51.73055193394176
91.0 44.7522086663862
92.0 39.901098901098905
93.0 33.92913385826772
94.0 29.018005540166204
95.0 21.15806451612903


" particle 209 " 
76.0 533.2452830188679


" particle 210 " 
76.0 457.0899944102851


" particle 211 " 
76.0 261.4822006472492


" particle 212 " 
76.0 521.1546391752578


" particle 213 " 
76.0 426.47227997228
77.0 422.8862770012706


" particle 214 " 
78.0 184.1992709599028


" particle 215 " 
79.0 487.0959808038392
80.0 486.9834645669291


" particle 216 " 
80.0 273.64350453172204
81.0 280.3695652173913


" particle 217 " 
80.0 269.1193181818182
84.0 266.4207317073171


" particle 218 " 
80.0 285.1532951289398


" particle 219 " 
80.0 502.0189873417722
81.0 507.4451219512195


" particle 220 " 
81.0 280.0
83.0 276.8529411764706


" particle 221 " 
81.0 407.24263038548753


" particle 222 " 
81.0 502.0


" particle 223 " 
81.0 566.7723713646533
82.0 558.1102850061958
83.0 549.8833208676141
84.0 541.2711552612215
85.0 534.2324679200239


" particle 224 " 
82.0 166.9144634525661
83.0 165.8089005235602
85.0 157.7565789473684
86.0 155.3279424977538
87.0 149.97016574585635
88.0 146.29908256880734
89.0 142.23226433430514
90.0 138.75899672846236
91.0 136.47351524879616
92.0 132.04434589800442
93.0 127.06905158069884
94.0 123.8217665615142
95.0 119.99473222124672
96.0 116.4174508126604
97.0 112.58953168044076
98.0 108.54372197309416
99.0 104.10682288077189
100.0 100.34677419354838
101.0 97.70890937019968
102.0 94.31598513011151
103.0 91.755
104.0 88.38964577656675
105.0 84.36425339366515
106.0 79.70617283950617


" particle 225 " 
82.0 520.1256732495511
83.0 521.1526778577138
84.0 518.2474576271186
86.0 525.8081190115986
87.0 518.2564102564103
88.0 510.1610366919045
89.0 503.1631965707287
90.0 496.46714551742485
91.0 488.6625122189639
92.0 480.2503572449271
93.0 473.2125565309923
94.0 466.1455644053832
95.0 458.1381853946398
96.0 449.7494723512031
97.0 443.22007616974975
98.0 436.983395291202
99.0 430.5073694728953
100.0 424.4312808521694
101.0 417.823013286538


" particle 226 " 
82.0 274.115625
83.0 268.69787985865725
84.0 263.9466292134832


" particle 227 " 
83.0 523.0087719298245
87.0 531.198224852071


" particle 228 " 
84.0 269.88925081433223
87.0 275.50145772594755
88.0 273.5352798053528


" particle 229 " 
85.0 370.8122529644269
86.0 366.0961182994455
88.0 357.889616463985
89.0 352.68021201413427


" particle 230 " 
86.0 252.8711111111111


" particle 231 " 
86.0 255.32809430255404


" particle 232 " 
87.0 526.8740740740741


" particle 233 " 
87.0 253.6741889985896
89.0 260.4886075949367
90.0 253.31395348837208
91.0 250.87860696517413


" particle 234 " 
90.0 340.6578947368421
91.0 341.568345323741


" particle 235 " 
92.0 248.7544684854186
94.0 245.7624113475177


" particle 236 " 
93.0 236.26564885496185
96.0 239.7248545303408


" particle 237 " 
94.0 487.29545454545456
95.0 487.31542056074767
96.0 496.5860428231562
97.0 499.8976497346475
98.0 499.028728606357
99.0 504.9601990049752
100.0 511.0059523809524
101.0 514.8874734607218
102.0 517.1182893539582
103.0 518.9991694352159
104.0 522.8259325044405
105.0 528.0
106.0 532.0


" particle 238 " 
94.0 224.63057324840764
96.0 226.22155688622755
97.0 233.2113475177305
98.0 230.01315789473685
99.0 232.60646011865524
100.0 228.8745119910764
103.0 221.17285714285717


" particle 239 " 
97.0 446.5046439628483


" particle 240 " 
99.0 527.7829787234043
100.0 528.5
101.0 524.2889344262295


" particle 241 " 
100.0 323.31758530183725


" particle 242 " 
100.0 426.28205128205127
101.0 418.9474671669794


" particle 243 " 
100.0 231.10638297872345
101.0 228.32162162162163


" particle 244 " 
100.0 216.91165644171775
101.0 210.58642857142857
102.0 216.7906976744186
104.0 211.81761716544327
105.0 213.23232984293196


" particle 245 " 
102.0 407.45056983832495


" particle 246 " 
103.0 405.1744591765527


" particle 247 " 
103.0 395.5839860748477


" particle 248 " 
103.0 206.4844641724794


" particle 249 " 
104.0 384.1620462989425


" particle 250 " 
105.0 373.9032010243278


" particle 251 " 
105.0 199.5031055900621
106.0 193.45589273112208
107.0 199.79409878127004
108.0 198.8671003717472
109.0 194.58429118773947
110.0 188.3058823529412
111.0 189.53122807017544


" particle 252 " 
106.0 363.4759375


" particle 253 " 
106.0 527.056466302368


" particle 254 " 
106.0 385.7525445292621
107.0 379.704418170504
108.0 373.7007246376812
109.0 367.3219178082192
110.0 361.73705408515536
111.0 355.2451768488746
112.0 348.22636103151865
113.0 340.05772811918064
114.0 333.2038626609442
115.0 325.7293650793651
116.0 316.97216274089936
117.0 310.7925561029009
118.0 303.18222666001
119.0 294.6602409638554
120.0 287.71775312066575
121.0 280.510060362173
122.0 271.9764705882353
123.0 264.9629171817058
124.0 258.5692934782609


" particle 255 " 
107.0 351.76191690033136
108.0 342.4560157790927


" particle 256 " 
107.0 310.7845953002611


" particle 257 " 
109.0 68.125


" particle 258 " 
109.0 329.1679465776294


" particle 259 " 
110.0 317.5729023383769
111.0 307.72938554600444


" particle 260 " 
111.0 417.3164556962025


" particle 261 " 
112.0 175.36206896551724
113.0 179.763491005996
114.0 180.40010770059237


" particle 262 " 
112.0 456.53648915187375


" particle 263 " 
112.0 297.5075086638429


" particle 264 " 
113.0 284.27369097333764


" particle 265 " 
114.0 273.8496115427303


" particle 266 " 
115.0 170.20437956204378
116.0 162.33284132841328
117.0 158.54303797468356
118.0 155.82286785379569
119.0 151.22794117647058
120.0 152.62747631352283
121.0 149.95833333333334


" particle 267 " 
115.0 263.2044511505092


" particle 268 " 
116.0 252.59335288367544


" particle 269 " 
116.0 566.5619967793881


" particle 270 " 
117.0 240.59155766944116


" particle 271 " 
117.0 432.7384615384616
119.0 436.2261306532664


" particle 272 " 
118.0 301.36354166666666
119.0 300.47415329768273
120.0 309.65189289012005
121.0 309.22347066167293
122.0 310.99841017488075


" particle 273 " 
118.0 227.20613810741688
119.0 217.6999535531816
120.0 209.6612821807168


" particle 274 " 
121.0 195.2111352133044


" particle 275 " 
121.0 388.570987654321
123.0 393.1664887940235
124.0 393.9251336898396
125.0 396.7932960893855


" particle 276 " 
121.0 561.6490147783251
122.0 557.7885304659499
123.0 557.3759259259259
126.0 552.066610455312
127.0 550.0016556291391


" particle 277 " 
122.0 139.04782438259505
123.0 136.98391055358604
124.0 134.5544897415401
125.0 126.12537387836493
126.0 123.2483660130719
127.0 119.30539662903972
128.0 119.42327120710678
129.0 128.52840603123315


" particle 278 " 
122.0 184.4041884816754


" particle 279 " 
123.0 526.7688311688312


" particle 280 " 
123.0 449.90453834115806
124.0 453.4059405940594
126.0 456.8645251396648
127.0 460.2179104477612
128.0 460.3583032490975
129.0 461.2653606411398
131.0 463.74240837696334


" particle 281 " 
123.0 321.6001936108422
124.0 326.5768581081081
125.0 325.63941299790355
126.0 329.7566137566138
127.0 331.10045100451003
128.0 331.0300429184549
129.0 333.39769053117783
130.0 337.2321010762752
132.0 345.9474025974026
133.0 348.47075445040974
134.0 353.52449799196785
135.0 357.4025535110777
136.0 359.56436629064365
137.0 364.5101851851852
138.0 365.340674658489
139.0 369.0239172592114
140.0 371.8547965658828
141.0 374.7831449126413
142.0 380.9989258861439
143.0 384.5862068965517
144.0 387.4159212880143
145.0 392.5546305931322
146.0 396.4669187145558
147.0 402.8150470219436
148.0 405.5068493150685
149.0 406.79881656804736
150.0 409.07857601026296
151.0 411.1660659828112
152.0 414.74078442937184
153.0 417.918992248062
154.0 423.1972961554711
155.0 425.22204847537137
156.0 427.49968173138126
157.0 429.53195020746887
158.0 433.5326939843069
159.0 437.3838681189285
160.0 440.5294327506243
161.0 442.4970023980815
162.0 445.3612254229538
163.0 447.18051995606
164.0 449.54823529411766
165.0 452.9731610337972
166.0 457.78720099409753
167.0 459.2493896058598
168.0 466.431421446384
169.0 468.1252192213258
170.0 470.6584089323098
171.0 473.3204992033988
172.0 479.58308157099697
173.0 483.591966966967
174.0 487.8345534407028
175.0 493.479302832244
176.0 496.653605015674
177.0 501.3152909336942
178.0 500.256329113924
179.0 503.1996370235935


" particle 282 " 
123.0 171.81575520833334
124.0 162.73173515981736


" particle 283 " 
125.0 559.2875


" particle 284 " 
125.0 541.7022222222222
127.0 538.979746835443


" particle 285 " 
125.0 253.8579465541491
126.0 249.43488943488944


" particle 286 " 
125.0 561.4086477320899
126.0 559.2373674360574
129.0 565.7302964569776


" particle 287 " 
125.0 150.96887351778656


" particle 288 " 
126.0 139.9233498935415
130.0 146.62105263157895


" particle 289 " 
127.0 127.31312017640572
128.0 120.41551246537396


" particle 290 " 
127.0 547.6208151382824
128.0 547.3105590062112


" particle 291 " 
127.0 232.61336032388664


" particle 292 " 
130.0 139.71239643084766


" particle 293 " 
130.0 202.13181299885971


" particle 294 " 
130.0 215.23644578313247
131.0 218.1812191103789


" particle 295 " 
130.0 533.2862010221465


" particle 296 " 
131.0 150.76643173250287
132.0 160.04390779363337


" particle 297 " 
131.0 212.76208853575483


" particle 298 " 
132.0 222.8969264730854


" particle 299 " 
133.0 170.8969049929904


" particle 300 " 
133.0 233.7873882207832


" particle 301 " 
134.0 244.66875858011372
135.0 254.4617258176757


" particle 302 " 
134.0 474.9830949284785
136.0 481.9032707028532
137.0 483.4208695652174
138.0 485.0564885496184
142.0 493.55296229802514
143.0 497.8419150858175
144.0 499.6128526645768
146.0 503.5449358059914


" particle 303 " 
134.0 181.2092907092907


" particle 304 " 
134.0 294.6666666666667


" particle 305 " 
135.0 236.5759162303665


" particle 306 " 
135.0 191.19719382205787


" particle 307 " 
136.0 266.03813894603576


" particle 308 " 
136.0 202.9162702188392


" particle 309 " 
137.0 213.7474933497033
138.0 222.8980029225524


" particle 310 " 
137.0 249.09182464454975


" particle 311 " 
137.0 276.4945954798559
138.0 285.87734333154793
139.0 295.76909959072304
140.0 303.15418574231524
141.0 310.5854767879548
142.0 318.70119738751816
143.0 325.202140077821
144.0 332.76075407026565
145.0 340.8210675293166
146.0 348.9231200897868
147.0 354.80309300805925
148.0 361.9191046099291
149.0 368.7177587844254
150.0 374.2666812513673
151.0 381.12337536372456
152.0 388.5245966155057
153.0 395.5589108910891
154.0 400.2313160422671
155.0 407.69714161029896
156.0 415.5066696812119
157.0 421.6950296584168
158.0 427.6544441865862
159.0 434.1554088369731
160.0 440.8104850014017
161.0 442.8170993093594
162.0 442.6268707482993
163.0 442.5944137329066
164.0 441.95490554539913
165.0 441.4462352658167
166.0 441.83195657304697
167.0 441.06437869822486
168.0 439.3293664683234
169.0 438.6406394810009
170.0 437.01503759398497
171.0 438.0248907467224
172.0 437.1214177978884
173.0 436.9123173277662
174.0 437.10527747551686
175.0 437.5596816976128
176.0 435.671645506597
177.0 435.775082971662
178.0 435.609865470852
179.0 434.7356399819087
180.0 434.56134177809054
181.0 433.3389130933272
182.0 433.56467272157846
183.0 434.5330108138873
184.0 433.4492645225629
185.0 432.49390567037625
186.0 429.3663768115942
187.0 429.3381414701803
188.0 428.71886755098
189.0 428.52611403929086
190.0 427.3757640180707
191.0 427.6076740035693
192.0 426.718438538206
193.0 424.0160427807487
194.0 422.3628066172276
195.0 420.29297261629824
196.0 424.719397993311
197.0 421.9994052928933
198.0 421.0692563250703
199.0 421.5090549884754
200.0 421.59102384291725
201.0 420.71148786904416
202.0 419.32591093117406
203.0 418.7724770642202
204.0 417.39432084309135
205.0 420.4120532585844
206.0 418.1393242772553
207.0 421.6212121212121
208.0 423.508431085044
209.0 424.19525159461375
210.0 424.7723721590909
211.0 426.1038808310466
212.0 428.1906601123595
213.0 428.3624898291293
214.0 430.20444154147617
215.0 428.1971677559913
216.0 427.3715012722647
217.0 427.45181476846057
218.0 428.0595643294759
219.0 431.2249815588886
220.0 438.6122021471589
221.0 444.2224309095788
222.0 451.43028846153845
223.0 456.51763613861385
224.0 462.99119939653
225.0 469.55457585892367
226.0 476.5678813286037
227.0 483.9237918215613
228.0 490.1971496437055
229.0 497.6829971181557
230.0 504.3705882352941


" particle 312 " 
138.0 276.2067039106145


" particle 313 " 
138.0 348.17117834394907


" particle 314 " 
139.0 348.893351800554


" particle 315 " 
139.0 232.9529524214104
140.0 242.75336410961597


" particle 316 " 
139.0 264.5175953079179
140.0 267.9569288389513
143.0 277.1818181818182


" particle 317 " 
140.0 376.1157786885246


" particle 318 " 
140.0 299.9182242990654


" particle 319 " 
141.0 392.2466624284806


" particle 320 " 
141.0 252.8637599436109
142.0 262.0731493221496


" particle 321 " 
142.0 327.94140625


" particle 322 " 
142.0 409.0153846153846


" particle 323 " 
143.0 272.2774386979334


" particle 324 " 
143.0 437.9473039215686
147.0 441.17421602787454


" particle 325 " 
144.0 438.76616915422886


" particle 326 " 
144.0 282.5966724662897


" particle 327 " 
144.0 387.1735436893204


" particle 328 " 
145.0 288.8991295442908
146.0 291.40905542544886
147.0 295.5102625298329
148.0 296.2171985815603
149.0 299.5845070422535
150.0 297.9852057327785
151.0 297.29667598633114
152.0 298.6677607585704
153.0 300.1196213425129
154.0 298.0678992668154
155.0 296.5708245243129
156.0 296.55543438749544
157.0 297.0638173302108
158.0 294.98292087835483
159.0 293.5395578824898
160.0 294.02113459399334
161.0 297.869109947644
162.0 303.0278284671533
163.0 308.88955361251726
164.0 313.0297121634169
165.0 317.053953172718
166.0 320.8088904445222
167.0 326.8672282390694
168.0 332.02724120851906
169.0 337.93656032269894
170.0 344.27322654462245
171.0 349.96421961752003
172.0 354.09414634146344
173.0 359.3149536832819
174.0 364.9429797670141
175.0 369.30143540669854
176.0 375.3772893772894
177.0 380.9045996592845
178.0 385.89718875502007
179.0 390.80369357045146
180.0 396.56671251719393
181.0 401.3961605584642
182.0 404.0329411764706
183.0 405.69954128440367


" particle 329 " 
145.0 452.3728301886793


" particle 330 " 
145.0 397.6091617933723


" particle 331 " 
145.0 374.7161936560935


" particle 332 " 
145.0 292.8662665609784
146.0 302.4371271225333
147.0 311.4411238121471


" particle 333 " 
148.0 453.7411634756996


" particle 334 " 
148.0 394.1833333333333


" particle 335 " 
148.0 321.79407994406245
149.0 331.4177365411587


" particle 336 " 
150.0 512.96918767507
151.0 512.8624203821656
153.0 517.0615835777126
154.0 519.2290388548057
155.0 521.7630057803468
157.0 526.2326621923937
158.0 525.9724025974026


" particle 337 " 
150.0 341.76856304985336


" particle 338 " 
151.0 34.98976844372644


" particle 339 " 
151.0 352.451174743025
152.0 361.70857883572944
153.0 371.2769064359113


" particle 340 " 
152.0 44.98345740281224
153.0 49.54527938342967


" particle 341 " 
153.0 484.0933521923621


" particle 342 " 
154.0 381.69027190332326
155.0 390.3314086370745
156.0 400.1865653642064
157.0 408.895270698618
158.0 418.6611747851003
159.0 428.12051176227817
160.0 437.02154817458137
161.0 439.4141318124208
162.0 438.3439053254438
163.0 437.9544167610419
164.0 437.5697556008147
165.0 437.6021052631579
166.0 437.6184727681078
167.0 437.1652725699452
168.0 437.4925335988054
169.0 438.6477500716538
170.0 439.2420365535248
171.0 439.65447739706303
172.0 439.9725671383194
173.0 440.3276529821844
174.0 440.4467685706624
175.0 439.6272348033373
176.0 438.99192152336985
177.0 438.2761273209549
178.0 437.847905538375
179.0 437.2785571142285
180.0 436.9569014084507
181.0 437.1738286664818
182.0 437.02305721605467
183.0 437.708321499574
184.0 437.8135898977751
185.0 437.2022595756407
186.0 436.3259698275862
187.0 436.0731049366064
188.0 435.2510703363914
189.0 434.1233671988389
190.0 434.4189900052604
191.0 434.3637063655031
192.0 433.974592653963
193.0 433.9357142857143
194.0 433.72907725321886
195.0 433.546790788829
196.0 432.6488586692569
197.0 432.1619098426247
198.0 431.59645569620255
199.0 431.41541645111226
200.0 430.5310834813499
201.0 430.502538071066
202.0 430.3084311632871
203.0 429.9772901250319
204.0 430.2161412358134
205.0 429.8187751004016
206.0 430.3587009209888
207.0 429.62886327920376
208.0 429.3908408044584
209.0 428.65191469846366
210.0 427.591356357322
211.0 426.1322418136021
212.0 423.9367565424266
213.0 421.619505794883
214.0 420.3452482876712
215.0 417.292242703533
216.0 413.71446886446887
217.0 410.815677574413
218.0 407.5091292134832
219.0 410.0941256520753


" particle 343 " 
155.0 67.47449293177627


" particle 344 " 
157.0 90.91355140186916


" particle 345 " 
158.0 104.65863228699553
159.0 110.67214571301643
160.0 120.0328820116054
161.0 120.22
162.0 115.3920704845815
163.0 111.33123028391168
165.0 102.51282051282053
166.0 98.5904173106646


" particle 346 " 
160.0 197.07792207792207
161.0 193.8160200250313
162.0 190.77661431064573
163.0 187.31826923076923
164.0 185.29184549356225
165.0 179.8186046511628
166.0 174.5024154589372
167.0 171.13255644573923
168.0 166.34792368125702
169.0 164.54809334092204
170.0 158.75345303867402
171.0 154.93577075098815
172.0 150.89537095751427
173.0 147.54596412556054
174.0 143.62010221465076
175.0 139.36651982378854
176.0 136.06387921022068
177.0 132.28220858895705
178.0 129.60502692998205
179.0 124.90658174097663
180.0 118.55496828752642
181.0 115.2065775950668
183.0 109.5251461988304
185.0 101.8311444652908


" particle 347 " 
160.0 479.0


" particle 348 " 
161.0 136.5350223546945
162.0 138.0841300191205


" particle 349 " 
163.0 536.955223880597


" particle 350 " 
163.0 532.0941619585687


" particle 351 " 
165.0 468.9358460304732
166.0 470.2484342379958


" particle 352 " 
165.0 159.9739776951673
166.0 165.68484187568157


" particle 353 " 
167.0 563.8808373590982


" particle 354 " 
168.0 180.3131147540984
169.0 187.7124518613607
170.0 195.2190476190476
171.0 200.5163297045101
172.0 206.09985315712188
173.0 211.75683890577508
174.0 219.171388101983
175.0 226.447355163728
176.0 231.88251748251747
177.0 236.1547479484173
178.0 243.118978805395
179.0 249.4206098843323
180.0 256.98359621451107
181.0 264.8037094281298
182.0 272.66498486377395
183.0 280.6627565982405
184.0 286.4340239912759
185.0 294.1185022026432
186.0 295.3414410279945
187.0 287.31856796116506
188.0 281.47852541159625
189.0 275.9725663716814
190.0 269.4101068999028
191.0 262.7451374916164
192.0 257.39310344827584
193.0 251.1514664523905
194.0 244.79935064935063
195.0 240.32772494513532
196.0 235.14268066707845
197.0 227.0994923857868
198.0 219.7885235332044
199.0 210.664
200.0 204.4522123893805
201.0 198.6318082788671
202.0 189.0420168067227
203.0 180.5072273324573
204.0 172.5209677419355


" particle 355 " 
169.0 540.9503968253969


" particle 356 " 
169.0 553.5


" particle 357 " 
170.0 514.5798258345428


" particle 358 " 
170.0 530.9065420560747


" particle 359 " 
170.0 75.82458770614693


" particle 360 " 
171.0 518.7474500203998


" particle 361 " 
172.0 506.6783898305085
173.0 497.12566844919786


" particle 362 " 
172.0 426.5111111111111


" particle 363 " 
174.0 485.19963453631794
175.0 475.7430167597765


" particle 364 " 
175.0 558.0198412698413


" particle 365 " 
176.0 404.12916666666666


" particle 366 " 
176.0 465.15904139433553


" particle 367 " 
177.0 453.7445533769063


" particle 368 " 
178.0 443.2136045772409


" particle 369 " 
178.0 392.6033287101248


" particle 370 " 
179.0 534.3257211538462
181.0 537.3794153471376
182.0 539.3302127659574
185.0 545.8720626631854
186.0 548.4119318181819
187.0 551.0082449941107
188.0 553.3926380368098
189.0 553.3604488078541


" particle 371 " 
179.0 429.92398022249694
180.0 421.662290629244


" particle 372 " 
180.0 411.0080862533693
184.0 408.9433748584372
185.0 413.2643884892086
186.0 417.6377708978328
187.0 419.8891625615764


" particle 373 " 
181.0 410.53198653198655


" particle 374 " 
182.0 398.0836152730788
183.0 390.9616122840691


" particle 375 " 
183.0 379.13925152306354


" particle 376 " 
184.0 379.2700212615167


" particle 377 " 
184.0 363.0104947526237


" particle 378 " 
185.0 351.85484996510814


" particle 379 " 
186.0 337.5533790401567


" particle 380 " 
187.0 325.82473268247327


" particle 381 " 
188.0 314.7726868327402


" particle 382 " 
189.0 301.0944309927361


" particle 383 " 
190.0 289.8919123204837


" particle 384 " 
190.0 506.1618357487922
193.0 498.4102189781022


" particle 385 " 
191.0 273.6073919107392


" particle 386 " 
192.0 260.435119887165


" particle 387 " 
193.0 247.8956896551724


" particle 388 " 
193.0 564.254730713246


" particle 389 " 
197.0 488.97869822485205
198.0 484.17131062951495
199.0 481.556566970091
200.0 478.0670670670671
201.0 475.9570063694268
202.0 472.5527859237537
203.0 470.23831070889895
204.0 468.4773519163763
205.0 466.4414735591206
206.0 465.530534351145
207.0 464.2710659898477
208.0 462.4278425655976
209.0 460.6245756958588
210.0 457.01809324982605
211.0 457.3213836477988
212.0 459.27367055771725
213.0 460.18735891647856
214.0 461.0
215.0 462.37030995106034
216.0 465.5248180013237
217.0 467.4424778761062
218.0 468.9113737075333
219.0 471.5684335443038
220.0 473.532241555783
221.0 476.2534246575343
222.0 479.69733146067415
223.0 481.259375
224.0 482.25080128205127
225.0 483.2710743801653
226.0 485.3017955801105
227.0 487.6364353312303
228.0 491.2025894897182
229.0 493.4640371229698
230.0 495.03059975520193
231.0 495.51032448377583
232.0 497.4820754716981
233.0 499.6815947569634
234.0 503.5534759358289
235.0 506.9243807040417
236.0 510.15244755244754
237.0 511.1501976284585
239.0 513.3917169974115
240.0 514.6670391061452
241.0 515.8603603603603
242.0 519.3318485523386
243.0 521.5832083958021
246.0 529.989110707804
249.0 533.8776908023483


" particle 390 " 
198.0 535.4221668742217
199.0 528.3982300884956
200.0 522.9690026954178
201.0 516.9982847341338
202.0 511.7993019197208
203.0 506.25825242718446
204.0 500.2454695222405
205.0 492.1645885286783
206.0 488.1458501208703
207.0 482.1495327102804
208.0 476.746641074856


" particle 391 " 
203.0 231.51295336787564
204.0 222.9047619047619


" particle 392 " 
206.0 156.57082452431288
207.0 150.89598540145985


" particle 393 " 
210.0 188.17472118959108
211.0 180.8586956521739
212.0 175.16007714561235


" particle 394 " 
210.0 463.083179297597
211.0 458.4687045123727
212.0 451.4073694984647
213.0 446.2757731958763
215.0 437.8604118993135
217.0 428.7844155844156
218.0 424.5879345603272


" particle 395 " 
213.0 166.03082851637765
214.0 158.71038251366122
215.0 150.274694261524
216.0 143.70408163265307
217.0 135.96862521391898
218.0 127.56727272727272
219.0 127.22484472049688


" particle 396 " 
220.0 422.1244024458032


" particle 397 " 
220.0 139.62101233517652


" particle 398 " 
221.0 449.3822580645161
222.0 458.5873836608066
223.0 467.6891156462585
224.0 474.96593673965936


" particle 399 " 
221.0 434.2532883249913


" particle 400 " 
221.0 151.0242400923432


" particle 401 " 
222.0 445.7983798379838


" particle 402 " 
222.0 162.64425981873111


" particle 403 " 
223.0 456.9805418189637


" particle 404 " 
223.0 174.50933723910654


" particle 405 " 
224.0 187.426217765043


" particle 406 " 
224.0 469.13223529411766


" particle 407 " 
225.0 198.60184856025597


" particle 408 " 
225.0 481.1289917883212


" particle 409 " 
226.0 494.68815697267


" particle 410 " 
226.0 492.9333785004517


" particle 411 " 
226.0 210.83412483039348


" particle 412 " 
227.0 504.1652055809359


" particle 413 " 
227.0 222.8138528138528


" particle 414 " 
228.0 515.8166089965398


" particle 415 " 
228.0 236.43197071384992
229.0 245.23856806898357


" particle 416 " 
228.0 515.8332553241282


" particle 417 " 
229.0 526.9156030815224


" particle 418 " 
230.0 538.8277120424638


" particle 419 " 
230.0 257.57295850066936
231.0 267.3744120413923


" particle 420 " 
231.0 189.85979228486647


" particle 421 " 
231.0 551.0469798657718


" particle 422 " 
232.0 279.84949348769896


" particle 423 " 
232.0 562.7085078377409


" particle 424 " 
233.0 203.3178155774396
234.0 207.9509873060649
235.0 215.29772031303165
236.0 221.52083333333331
237.0 227.06490264603096


" particle 425 " 
233.0 291.6875683558148


" particle 426 " 
234.0 302.5331177231565


" particle 427 " 
235.0 314.8743731193581


" particle 428 " 
236.0 325.70320924261875


" particle 429 " 
237.0 338.71584553928096
238.0 348.26590470944643
239.0 356.52366616491054
240.0 365.39991790942673
241.0 373.6651982378855
242.0 382.8384237796564
243.0 392.4770177343467
244.0 401.8307132459971
245.0 410.57020576131686
246.0 419.5527206089653
247.0 428.5323447938732
248.0 436.9807243898648
249.0 445.5004651162791
250.0 454.9051345414607
251.0 464.52702702702703
252.0 473.1377558873326


" particle 430 " 
239.0 237.56936261381892
240.0 243.1410974244121
241.0 250.43157296990347
242.0 255.14318975552968
243.0 262.5650064683053
244.0 268.8556129985229
245.0 275.625
246.0 282.09037656903763
247.0 288.4732326698696
248.0 295.1731366459628
249.0 302.7080291970803
250.0 309.02486518873576
251.0 315.5729418886199
252.0 322.33176746917206
253.0 328.62748926200703
254.0 333.88338028169017
255.0 338.316737635113
256.0 343.3129048330842
257.0 344.8412767818102
258.0 342.8198237885463
259.0 340.55014938113527
260.0 338.44055013309674
261.0 336.4460120932911
262.0 333.2300194931774
263.0 332.581611570248
264.0 329.6887550200803
265.0 326.59501915708813
266.0 324.6567706755529
267.0 322.64719548622634
268.0 320.69480292989186
269.0 317.6566390041494
270.0 314.01533494753835
271.0 311.30102967898245
272.0 309.1758014477766
273.0 306.4597514856834
274.0 303.83069118579584
275.0 300.5560725919032
276.0 298.4937154348919
277.0 297.8508719182201
278.0 296.1058990760484
279.0 294.35902896081774
280.0 292.5698113207547
281.0 289.1489533011272
282.0 287.4071630537229
283.0 284.40327169274536
284.0 283.17016029593094
285.0 281.796875
286.0 281.4217391304348
287.0 280.5747767857143
288.0 279.1951807228916
289.0 277.0571748878924
292.0 273.6475095785441
295.0 266.8377483443709


" particle 431 " 
253.0 483.1509723643808
254.0 491.6825260751536
255.0 498.7433715868619
256.0 505.3640833528448
257.0 507.72109826589593
258.0 507.0512820512821
259.0 506.4012993503249
260.0 506.1663291871565
261.0 504.63028357410377
262.0 503.13666666666666
263.0 501.5295515295516
264.0 500.329797979798
265.0 498.74544385655497
266.0 497.8643848886019
267.0 497.1685789938217
268.0 497.79918509895225
269.0 498.1299971239574
270.0 496.03928365106873
271.0 494.8276812792942
272.0 494.2664603263928
273.0 493.8830715532286
274.0 492.65506072874496
275.0 491.7526793075021
276.0 490.9194881364969
277.0 491.0497076023392
278.0 490.7362858580775
279.0 489.4189834316204
280.0 488.8042845807987
281.0 489.4869897959184
282.0 489.7354387781517
283.0 488.06771775652624
284.0 486.7279772668561
285.0 486.75853889943073
286.0 484.4811153358682
287.0 484.6456711488559
288.0 484.82225
289.0 484.5014734774067
290.0 484.3389581804842
291.0 483.5564427312775
292.0 483.1578110085905
293.0 482.6977081520162
294.0 482.58149010477297
295.0 482.2854082998661
296.0 480.5447935601143
297.0 478.7211611917495
298.0 478.51240151736215
299.0 478.85055508112725
300.0 479.35071574642126
301.0 480.0763219588434
302.0 480.5230337078652
303.0 481.0546875
304.0 480.176311844078
305.0 479.216747365423
306.0 479.01192961526993
307.0 478.43906464924345
308.0 477.8793761935073
309.0 478.4921509226109
310.0 477.9373368146214
311.0 476.9955671447197
312.0 477.1106027987082
313.0 477.5875
314.0 477.3557588805167
315.0 477.5899337748344
316.0 477.7859966120836
317.0 476.2887671232877
318.0 474.7471428571429
319.0 475.162871144422
320.0 477.21703853955376
321.0 477.8042794210195
322.0 476.985598559856
323.0 476.5869330453564
324.0 477.53371667537897
325.0 477.9438368312149
326.0 478.40222958722507
327.0 477.924499229584
328.0 477.5846110956231
329.0 477.74073049252905
330.0 476.80961086445546
331.0 476.48760761805374
332.0 474.93663756688255
333.0 474.8259874069834
334.0 474.604733405876
335.0 473.6791642816256
336.0 475.31517615176153
337.0 475.88114863068336
338.0 475.3429228998849
339.0 474.18785121755417
340.0 473.3872535781799
341.0 474.1135593220339
342.0 473.6014040561623
343.0 473.45118601747816
344.0 472.6977054429029
345.0 472.918232336597
346.0 472.9847036328872
347.0 473.4625322997416
348.0 477.16751657317695
349.0 479.1585623678647
350.0 481.3886132149386
351.0 483.5528025018042
352.0 485.75030273674014
353.0 487.7561101106252
354.0 491.5511227902532
355.0 491.5511227902532


" particle 432 " 
292.0 362.0
293.0 359.1373182552504
295.0 353.5943661971831
296.0 349.43237704918033
297.0 347.4117647058824
298.0 344.65872340425534
299.0 342.1241299303944
300.0 341.40841054882395
301.0 339.0285714285714
302.0 336.2820652173913
303.0 332.70215934475056
304.0 329.2315010570824
305.0 325.6833773087071
306.0 322.376821192053
307.0 318.6751552795031
308.0 317.04914150384843
309.0 313.5049627791563
310.0 310.2112590799032
311.0 306.5375128468653
312.0 300.5512437810945
313.0 293.5458461538461
314.0 287.4393833216538
315.0 279.2605459057072


" particle 433 " 
316.0 262.65428109854605
317.0 252.8345250255363
318.0 243.89803921568628


" particle 434 " 
321.0 200.5


" particle 435 " 
321.0 195.30331753554503


" particle 436 " 
322.0 370.6976744186047


" particle 437 " 
322.0 178.5


" particle 438 " 
325.0 494.1770244821092


" particle 439 " 
325.0 321.0


" particle 440 " 
333.0 385.5


" particle 441 " 
342.0 381.2094594594595


" particle 442 " 
342.0 331.96178343949043


" particle 443 " 
350.0 398.62704918032784


" particle 444 " 
350.0 100.5


" particle 445 " 
350.0 317.5


" particle 446 " 
350.0 357.5


" particle 447 " 
350.0 377.5


" particle 448 " 
350.0 448.5


" particle 449 " 
355.0 531.0


" particle 450 " 
355.0 239.5


" particle 451 " 
355.0 386.5


" particle 452 " 
355.0 93.3053435114504


