4.040000000000000000e+02 4.120000000000000000e+02 3.970000000000000000e+02 5.250000000000000000e+02 4.370000000000000000e+02 4.920000000000000000e+02
2.990000000000000000e+02 4.200000000000000000e+02 2.980000000000000000e+02 5.300000000000000000e+02 2.650000000000000000e+02 4.940000000000000000e+02
3.450000000000000000e+02 4.850000000000000000e+02 3.430000000000000000e+02 5.770000000000000000e+02 3.110000000000000000e+02 5.430000000000000000e+02
4.040000000000000000e+02 3.270000000000000000e+02 4.030000000000000000e+02 4.130000000000000000e+02 4.440000000000000000e+02 3.850000000000000000e+02
3.040000000000000000e+02 3.290000000000000000e+02 3.030000000000000000e+02 4.180000000000000000e+02 2.660000000000000000e+02 3.880000000000000000e+02
4.590000000000000000e+02 3.800000000000000000e+02 4.540000000000000000e+02 4.770000000000000000e+02 4.930000000000000000e+02 4.470000000000000000e+02
3.490000000000000000e+02 3.750000000000000000e+02 3.490000000000000000e+02 4.740000000000000000e+02 3.100000000000000000e+02 4.420000000000000000e+02
4.640000000000000000e+02 3.820000000000000000e+02 4.600000000000000000e+02 4.780000000000000000e+02 4.970000000000000000e+02 4.470000000000000000e+02
3.580000000000000000e+02 3.790000000000000000e+02 3.580000000000000000e+02 4.740000000000000000e+02 3.220000000000000000e+02 4.440000000000000000e+02
4.460000000000000000e+02 3.310000000000000000e+02 4.390000000000000000e+02 4.310000000000000000e+02 4.750000000000000000e+02 4.050000000000000000e+02
4.840000000000000000e+02 3.750000000000000000e+02 4.800000000000000000e+02 4.760000000000000000e+02 5.200000000000000000e+02 4.430000000000000000e+02
3.740000000000000000e+02 3.770000000000000000e+02 3.760000000000000000e+02 4.770000000000000000e+02 3.330000000000000000e+02 4.410000000000000000e+02
