4.940000000000000391e+00 2.982994939264772904e-24 1.000000000000000000e+00
4.940000000000000391e+00 3.108588162793122723e-24 0.000000000000000000e+00
4.940000000000000391e+00 3.334719643973012004e-24 1.000000000000000000e+00
4.940000000000000391e+00 3.132807344040971310e-24 0.000000000000000000e+00
4.940000000000000391e+00 3.639043420439286572e-24 1.000000000000000000e+00
4.940000000000000391e+00 3.154044233469949997e-24 0.000000000000000000e+00
5.849999999999999645e+00 3.702045661755031281e-24 1.000000000000000000e+00
5.849999999999999645e+00 3.222411416118200368e-24 0.000000000000000000e+00
5.849999999999999645e+00 3.070266774234549916e-24 1.000000000000000000e+00
5.849999999999999645e+00 4.096084948249063313e-24 0.000000000000000000e+00
5.849999999999999645e+00 3.737756218329828268e-24 1.000000000000000000e+00
5.849999999999999645e+00 3.538062064270170876e-24 0.000000000000000000e+00
6.580000000000000071e+00 2.470738560253460436e-24 1.000000000000000000e+00
6.580000000000000071e+00 5.316290707250526184e-24 0.000000000000000000e+00
6.580000000000000071e+00 3.529017017285735549e-24 1.000000000000000000e+00
6.580000000000000071e+00 4.511509708106112033e-24 0.000000000000000000e+00
6.580000000000000071e+00 4.063895300254004366e-24 1.000000000000000000e+00
6.580000000000000071e+00 5.309668109047780954e-24 0.000000000000000000e+00
7.450000000000000178e+00 4.629196143716123293e-24 1.000000000000000000e+00
7.450000000000000178e+00 4.040090031393834244e-24 0.000000000000000000e+00
7.450000000000000178e+00 4.672720623250484861e-24 1.000000000000000000e+00
7.450000000000000178e+00 4.607672699557217090e-24 0.000000000000000000e+00
7.450000000000000178e+00 4.748318006260306951e-24 1.000000000000000000e+00
7.450000000000000178e+00 4.889769911462434733e-24 0.000000000000000000e+00
8.359999999999999432e+00 4.957969937184903329e-24 1.000000000000000000e+00
8.359999999999999432e+00 4.612469837998944719e-24 0.000000000000000000e+00
8.359999999999999432e+00 5.335649071227767626e-24 1.000000000000000000e+00
8.359999999999999432e+00 4.702758457486553541e-24 0.000000000000000000e+00
8.359999999999999432e+00 5.124407822865901119e-24 1.000000000000000000e+00
8.359999999999999432e+00 5.254437338139017176e-24 0.000000000000000000e+00
9.380000000000000782e+00 5.293952704738954444e-24 1.000000000000000000e+00
9.380000000000000782e+00 5.053729629386477671e-24 0.000000000000000000e+00
9.380000000000000782e+00 5.238984608999295203e-24 1.000000000000000000e+00
9.380000000000000782e+00 5.273403016004892917e-24 0.000000000000000000e+00
9.380000000000000782e+00 5.981829987211589545e-24 1.000000000000000000e+00
9.380000000000000782e+00 5.934906650186149930e-24 0.000000000000000000e+00
