0.0 -0.025
0.1 5.34
0.2 5.85
0.3 6.05
0.5 6.23
0.7 6.32
1.0 6.42
1.3 6.45
2.0 6.58
2.5 6.63
3.0 6.70
4.0 6.75
5.0 6.80
6.1 6.85
7.1 6.94
8.1 7.00
10.7 7.12
12.3 7.23
13.6 7.30
15.1 7.37
16.5 7.45
#0.1    0.100
#0.12   1.16
#0.13   13.0
#0.15   13.5
#0.2    14.2
#0.3    14.8
#0.5    15.3
#0.6    15.4
#0.8    15.6
#1.0    15.8
#1.2    15.9
#1.7    16.1
#2      16.2
#3      16.5
#4      16.7
#5      16.9
#6      17.0
#7      17.2
#8      17.4
#9      17.6
#10     17.8
#11     18.0
#12     18.2
#13     18.4
#14     18.6
#15     18.8
#16     19.1
