0.0000000E+0	4.9123916E-1
7.3832369E-1	4.7675523E-1
1.3133531E+0	4.6167525E-1
1.8878474E+0	4.4962021E-1
2.4627323E+0	4.4062736E-1
3.0378442E+0	4.3199959E-1
3.6136065E+0	4.2694810E-1
4.1897650E+0	4.2339417E-1
4.7637825E+0	4.1927400E-1
5.3372235E+0	4.1010233E-1
5.9124241E+0	3.9797279E-1
6.4873018E+0	3.9001557E-1
7.0619864E+0	3.8498642E-1
7.6358886E+0	3.8041922E-1
8.2109604E+0	3.7501010E-1
8.7844248E+0	3.7001821E-1
9.3573294E+0	3.6364051E-1
9.9325418E+0	3.5360458E-1
1.0505248E+1	3.4193697E-1
1.1079338E+1	3.3167007E-1
1.1654865E+1	3.2116475E-1
1.2229213E+1	3.1246247E-1
1.2805846E+1	3.0694159E-1
1.3387463E+1	3.0218812E-1
1.3962417E+1	2.9719623E-1
1.4535792E+1	2.9233100E-1
1.5109657E+1	2.8797241E-1
1.5683091E+1	2.8515609E-1
1.6257334E+1	2.8324129E-1
1.6832399E+1	2.8124453E-1
1.7406383E+1	2.7980657E-1
1.7979349E+1	2.7899446E-1
1.8555444E+1	2.7883054E-1
1.9129972E+1	2.7897211E-1
1.9704891E+1	2.7805568E-1
2.0279039E+1	2.7655067E-1
2.0852837E+1	2.7557464E-1
2.1429092E+1	2.7534367E-1
2.2004843E+1	2.7374925E-1
2.2579816E+1	2.7174504E-1
2.3154659E+1	2.7023257E-1
2.3726745E+1	2.6699157E-1
2.4300544E+1	2.6314707E-1
2.4873531E+1	2.6015194E-1
2.5447794E+1	2.5754423E-1
2.6021607E+1	2.5316329E-1
2.6597262E+1	2.4795534E-1
2.7170620E+1	2.3889543E-1
2.7744014E+1	2.2903831E-1
2.8317933E+1	2.2017212E-1
2.8890504E+1	2.1254273E-1
2.9473914E+1	2.0590426E-1
3.0046046E+1	1.9935520E-1
3.0621578E+1	1.9297750E-1
3.1193046E+1	1.8689037E-1
3.1767316E+1	1.8148870E-1
3.2342735E+1	1.7909707E-1
3.2917256E+1	1.7722697E-1
3.3492294E+1	1.7260016E-1
3.4066212E+1	1.6680361E-1
3.4640613E+1	1.6247482E-1
3.5215949E+1	1.5854836E-1
3.5789897E+1	1.5293063E-1
3.6363628E+1	1.4467538E-1
3.6938966E+1	1.3628603E-1
3.7512571E+1	1.2926758E-1
3.8087312E+1	1.2427569E-1
3.8662181E+1	1.2125821E-1
3.9237304E+1	1.1915714E-1
3.9811608E+1	1.1734665E-1
4.0385365E+1	1.1427701E-1
4.0958976E+1	1.1013449E-1
4.1532786E+1	1.0580570E-1
4.2107291E+1	1.0153652E-1
4.2682068E+1	9.7572809E-2
4.3258707E+1	9.3959278E-2
4.3832676E+1	9.1098254E-2
4.4408286E+1	8.8952487E-2
4.4983373E+1	8.7276106E-2
4.5557950E+1	8.5458165E-2
4.6132353E+1	8.2612043E-2
4.6708277E+1	7.7940528E-2
4.7280592E+1	7.2859232E-2
4.7853836E+1	6.8105761E-2
4.8428589E+1	6.3717369E-2
4.9002561E+1	6.0215596E-2
4.9577313E+1	5.7049099E-2
5.0151575E+1	5.4351989E-2
5.0726046E+1	5.1602724E-2
5.1301577E+1	4.8384073E-2
5.1875786E+1	4.4308605E-2
5.2450380E+1	3.9979818E-2
5.3024889E+1	3.5144391E-2
5.3600476E+1	3.0599536E-2
5.4174884E+1	2.5898220E-2
5.4748812E+1	2.1509827E-2
5.5324896E+1	1.7315150E-2
5.5899354E+1	1.3343991E-2
5.6475698E+1	9.7975141E-3
5.7051288E+1	6.4522032E-3
5.7625879E+1	3.2261016E-3
5.8200791E+1	1.6391278E-4
5.8773611E+1	-2.7343632E-3
5.9347937E+1	-5.5804852E-3
5.9924158E+1	-8.2626944E-3
6.0497896E+1	-1.0482968E-2
6.1072518E+1	-1.2420119E-2
6.1648192E+1	-1.4401973E-2
6.2221579E+1	-1.6294421E-2
6.2796064E+1	-1.7471613E-2
6.3371179E+1	-1.8253924E-2
6.3947300E+1	-1.7926098E-2
6.4521546E+1	-1.7069281E-2
6.5095680E+1	-1.5497209E-2
6.5670909E+1	-1.3440848E-2
6.6245803E+1	-1.1205674E-2
6.6819479E+1	-8.5309153E-3
6.7393375E+1	-5.7145957E-3
6.7966074E+1	-3.2112004E-3
6.8538872E+1	-2.2500755E-3
6.9113109E+1	-1.7583371E-3
6.9688230E+1	-4.5448544E-4
7.0263355E+1	1.7583371E-3
7.0838854E+1	4.4256451E-3
7.1413022E+1	6.5490607E-3
7.1988281E+1	7.3611741E-3
7.2561633E+1	7.6591973E-3
7.3138613E+1	6.9066886E-3
7.3712798E+1	5.6326393E-3
7.4287227E+1	4.5672062E-3
7.4862671E+1	3.9190056E-3
7.5438234E+1	3.8966539E-3
7.6011947E+1	5.4463747E-3
7.6587317E+1	7.5772409E-3
7.7162517E+1	9.6708542E-3
7.7736195E+1	1.0937453E-2
7.8309943E+1	1.1600555E-2
7.8883464E+1	1.1749566E-2
7.9458075E+1	1.1906029E-2
8.0032655E+1	1.1920930E-2
8.0607266E+1	1.1853874E-2
8.1181886E+1	1.0639430E-2
8.1756129E+1	8.3222990E-3
8.2330463E+1	5.6698922E-3
8.2903330E+1	2.7120115E-3
8.3478556E+1	-1.7136336E-3
8.4053059E+1	-6.6831712E-3
8.4627182E+1	-9.7900635E-3
8.5202682E+1	-1.0393561E-2
8.5777267E+1	-1.1175872E-2
8.6353703E+1	-1.2114645E-2
8.6927139E+1	-1.2807549E-2
8.7500316E+1	-1.3776124E-2
8.8073486E+1	-1.4856459E-2
8.8645888E+1	-1.6748906E-2
8.9221557E+1	-1.9088389E-2
8.9795736E+1	-2.1025540E-2
9.0371247E+1	-2.2359194E-2
9.0945768E+1	-2.2485854E-2
9.1519285E+1	-2.1599234E-2
9.2093883E+1	-1.9922854E-2
9.2667622E+1	-1.8425287E-2
9.3241948E+1	-1.7441810E-2
9.3815100E+1	-1.7173589E-2
9.4388093E+1	-1.7292799E-2
9.4961583E+1	-1.7702581E-2
9.5535486E+1	-1.8157066E-2
9.6109769E+1	-1.8574299E-2
9.6684799E+1	-1.8715860E-2
9.7259233E+1	-1.8626453E-2
9.7834922E+1	-1.8052758E-2
9.8409426E+1	-1.6935171E-2
9.8984839E+1	-1.5825034E-2
9.9558738E+1	-1.4767052E-2
1.0013479E+2	-1.3418496E-2
1.0070899E+2	-1.2330712E-2
1.0128363E+2	-1.0892749E-2
1.0185916E+2	-9.2610722E-3
1.0243290E+2	-7.4207787E-3
1.0300728E+2	-5.1856044E-3
1.0358147E+2	-2.9504301E-3
1.0415489E+2	-7.6740985E-4
1.0473055E+2	1.7285348E-3
1.0530563E+2	3.9264562E-3
1.0588153E+2	5.9083108E-3
1.0645484E+2	7.2494154E-3
1.0702953E+2	8.0466275E-3
1.0760440E+2	8.1211333E-3
1.0817817E+2	7.9646711E-3
1.0875255E+2	7.6815491E-3
1.0932837E+2	7.7262525E-3
1.0990249E+2	7.5474386E-3
1.1047623E+2	7.3164706E-3
1.1105154E+2	7.4431305E-3
1.1162563E+2	7.1525578E-3
1.1219816E+2	6.2733892E-3
1.1277293E+2	4.9993399E-3
1.1334732E+2	3.1888487E-3
1.1392059E+2	9.8347670E-4
1.1449595E+2	-1.0877848E-3
1.1506931E+2	-3.2559039E-3
1.1564310E+2	-5.1856044E-3
1.1621588E+2	-6.9588427E-3
1.1678994E+2	-8.3968048E-3
1.1736487E+2	-9.2387205E-3
1.1794057E+2	-9.6187001E-3
1.1851526E+2	-9.1865664E-3
1.1908915E+2	-8.4266072E-3
1.1966344E+2	-7.1898107E-3
1.2023897E+2	-5.8859590E-3
1.2081325E+2	-3.9115550E-3
1.2138779E+2	-1.4677645E-3
1.2196257E+2	1.1697412E-3
1.2253725E+2	4.0233138E-3
1.2311155E+2	6.6012148E-3
1.2368484E+2	9.7304588E-3
1.2425874E+2	1.2494624E-2
1.2483461E+2	1.4580787E-2
1.2540879E+2	1.6070903E-2
1.2598455E+2	1.7367304E-2
1.2655815E+2	1.8477441E-2
1.2713262E+2	1.9423665E-2
1.2770983E+2	2.0131470E-2
1.2828205E+2	2.0742418E-2
1.2885695E+2	2.1621586E-2
1.2943163E+2	2.2150577E-2
1.3000589E+2	2.2836031E-2
1.3058011E+2	2.3595990E-2
1.3115334E+2	2.4043025E-2
1.3172911E+2	2.4206938E-2
1.3230054E+2	2.3670496E-2
1.3287575E+2	2.1927060E-2
1.3344921E+2	1.9900502E-2
1.3402468E+2	1.8164517E-2
1.3459878E+2	1.5959145E-2
1.3517250E+2	1.2561680E-2
1.3574818E+2	8.2626944E-3
1.3632253E+2	4.3362382E-3
1.3689726E+2	1.3634563E-3
1.3747158E+2	-1.1399389E-3
1.3804518E+2	-3.4421684E-3
1.3861911E+2	-6.3553456E-3
1.3919489E+2	-8.9928513E-3
1.3976895E+2	-1.1317433E-2
1.4034517E+2	-1.2807549E-2
1.4092110E+2	-1.3716520E-2
1.4149489E+2	-1.4506281E-2
1.4207043E+2	-1.5079976E-2
1.4264379E+2	-1.6048552E-2
1.4321884E+2	-1.7307700E-2
1.4379346E+2	-1.8760563E-2
1.4436939E+2	-1.9967557E-2
1.4494488E+2	-2.0958484E-2
1.4552002E+2	-2.2128226E-2
1.4609586E+2	-2.3528935E-2
1.4666886E+2	-2.6173891E-2
1.4724324E+2	-2.9057266E-2
1.4781769E+2	-3.1426551E-2
1.4839247E+2	-3.3289196E-2
1.4896567E+2	-3.4965577E-2
1.4954068E+2	-3.6306681E-2
1.5011572E+2	-3.7774446E-2
1.5068884E+2	-3.8914385E-2
1.5126283E+2	-3.9577486E-2
1.5183878E+2	-4.0739777E-2
1.5241193E+2	-4.2401257E-2
1.5298611E+2	-4.3630603E-2
1.5356061E+2	-4.4725838E-2
1.5413619E+2	-4.4785443E-2
1.5471153E+2	-4.3243172E-2
1.5528573E+2	-4.0821734E-2
1.5585995E+2	-3.9204957E-2
1.5643484E+2	-3.9450827E-2
1.5700908E+2	-4.0806832E-2
1.5758273E+2	-4.2900446E-2
1.5815640E+2	-4.5217576E-2
1.5873161E+2	-4.7437849E-2
1.5930488E+2	-4.9285594E-2
1.5987823E+2	-5.0775710E-2
1.6045147E+2	-5.1513317E-2
1.6102716E+2	-5.1841143E-2
1.6160161E+2	-5.1774088E-2
1.6217559E+2	-5.0999227E-2
1.6274917E+2	-5.0142410E-2
1.6332474E+2	-4.9650672E-2
1.6390019E+2	-4.9971047E-2
1.6447295E+2	-5.0850216E-2
1.6504815E+2	-5.2452091E-2
1.6562265E+2	-5.3949657E-2
1.6619813E+2	-5.4694715E-2
1.6677270E+2	-5.4508451E-2
1.6734818E+2	-5.3524974E-2
1.6792245E+2	-5.1997605E-2
1.6849708E+2	-5.0008300E-2
1.6907003E+2	-4.8309567E-2
1.6964383E+2	-4.6253207E-2
1.7021878E+2	-4.3980780E-2
1.7079246E+2	-4.1350725E-2
1.7136780E+2	-3.8735571E-2
1.7194251E+2	-3.6448242E-2
1.7251390E+2	-3.4242870E-2
1.7308807E+2	-3.2320621E-2
1.7366257E+2	-3.0562283E-2
1.7423724E+2	-2.9124321E-2
1.7481051E+2	-2.7984382E-2
1.7538469E+2	-2.6836993E-2
1.7595892E+2	-2.5890769E-2
1.7653346E+2	-2.4884941E-2
1.7710816E+2	-2.3961069E-2
1.7768156E+2	-2.3327769E-2
1.7825537E+2	-2.2634865E-2
1.7882928E+2	-2.2388996E-2
1.7940484E+2	-2.2865833E-2
1.7997905E+2	-2.3603441E-2
1.8055480E+2	-2.4348499E-2
1.8113069E+2	-2.5048853E-2
1.8170572E+2	-2.5548042E-2
1.8228017E+2	-2.5726856E-2
1.8285363E+2	-2.6129188E-2
1.8343097E+2	-2.6352705E-2
1.8400592E+2	-2.6732685E-2
1.8458033E+2	-2.6986005E-2
1.8515360E+2	-2.7693810E-2
1.8572934E+2	-2.8841199E-2
1.8630530E+2	-3.0152501E-2
1.8688053E+2	-3.1568112E-2
1.8745482E+2	-3.2655897E-2
1.8802996E+2	-3.3438208E-2
1.8860333E+2	-3.3959748E-2
1.8917733E+2	-3.4131112E-2
1.8975270E+2	-3.3900144E-2
1.9032634E+2	-3.3646824E-2
1.9090250E+2	-3.3333900E-2
1.9147621E+2	-3.2864513E-2
1.9205048E+2	-3.2156708E-2
1.9262489E+2	-3.1434001E-2
1.9319886E+2	-3.0606987E-2
1.9377361E+2	-3.0331315E-2
1.9434819E+2	-3.0301513E-2
1.9492229E+2	-3.0398371E-2
1.9549584E+2	-3.0554833E-2
1.9606935E+2	-3.0592086E-2
1.9664323E+2	-3.0659141E-2
1.9721818E+2	-3.0957164E-2
1.9779232E+2	-3.1448903E-2
1.9836727E+2	-3.2089653E-2
1.9894160E+2	-3.2402577E-2
1.9951537E+2	-3.2655897E-2
2.0009129E+2	-3.3296647E-2
2.0066581E+2	-3.5516920E-2
2.0123848E+2	-3.8020315E-2
2.0181158E+2	-4.0389600E-2
2.0238624E+2	-4.2565169E-2
2.0296154E+2	-4.4539573E-2
2.0353728E+2	-4.5835975E-2
2.0411159E+2	-4.7087672E-2
2.0468458E+2	-4.7706070E-2
2.0525817E+2	-4.8048797E-2
2.0583264E+2	-4.8048797E-2
2.0640643E+2	-4.7728422E-2
2.0698162E+2	-4.7154727E-2
2.0755575E+2	-4.6066943E-2
2.0813054E+2	-4.5277181E-2
2.0870492E+2	-4.4889751E-2
2.0927924E+2	-4.4740739E-2
2.0985595E+2	-4.5143071E-2
2.1043117E+2	-4.5575204E-2
2.1100475E+2	-4.5962634E-2
2.1157890E+2	-4.6268108E-2
2.1215476E+2	-4.6551230E-2
2.1272787E+2	-4.6864155E-2
2.1330320E+2	-4.7147277E-2
2.1387885E+2	-4.7370794E-2
2.1445493E+2	-4.7780576E-2
2.1502954E+2	-4.7892335E-2
2.1560364E+2	-4.7951940E-2
2.1617881E+2	-4.7579411E-2
2.1675369E+2	-4.6998265E-2
2.1732725E+2	-4.6275559E-2
2.1790286E+2	-4.5627358E-2
2.1847888E+2	-4.4748190E-2
2.1905484E+2	-4.3787065E-2
2.1962852E+2	-4.2788687E-2
2.2020373E+2	-4.1842463E-2
2.2077831E+2	-4.1022899E-2
2.2135253E+2	-4.0337446E-2
2.2192731E+2	-3.9584937E-2
2.2250154E+2	-3.8705769E-2
2.2307583E+2	-3.7670138E-2
2.2364985E+2	-3.6694112E-2
2.2422422E+2	-3.5196545E-2
2.2479993E+2	-3.3870341E-2
2.2537336E+2	-3.2894315E-2
2.2594732E+2	-3.3415856E-2
2.2652163E+2	-3.4786763E-2
2.2709574E+2	-3.5427513E-2
2.2766999E+2	-3.4935775E-2
2.2824352E+2	-3.5092237E-2
2.2881812E+2	-3.6478045E-2
2.2939362E+2	-3.7252905E-2
2.2996974E+2	-3.7558379E-2
2.3054362E+2	-3.7208202E-2
2.3111989E+2	-3.5986306E-2
2.3168480E+2	-3.3758583E-2
2.3225878E+2	-3.0428173E-2
2.3283470E+2	-2.6516618E-2
2.3340871E+2	-2.2351743E-2
2.3398245E+2	-1.8298627E-2
2.3455722E+2	-1.4975668E-2
2.3513051E+2	-1.2703241E-2
2.3570474E+2	-1.1712313E-2
2.3627939E+2	-1.2151898E-2
2.3685335E+2	-1.3634563E-2
2.3742883E+2	-1.5586616E-2
2.3800256E+2	-1.7687679E-2
2.3857805E+2	-1.9840897E-2
2.3915268E+2	-2.2247435E-2
2.3972723E+2	-2.4445356E-2
2.4030158E+2	-2.6047231E-2
2.4087571E+2	-2.7216973E-2
2.4145163E+2	-2.7909877E-2
2.4202570E+2	-2.8289856E-2
2.4260164E+2	-2.8677286E-2
2.4317727E+2	-2.9049815E-2
2.4375003E+2	-2.9772522E-2
2.4432333E+2	-3.0346217E-2
2.4489599E+2	-3.1165780E-2
2.4547057E+2	-3.1813981E-2
2.4604484E+2	-3.2559039E-2
2.4662158E+2	-3.3304097E-2
2.4719726E+2	-3.3624472E-2
2.4777141E+2	-3.3952298E-2
2.4834577E+2	-3.3862891E-2
2.4891891E+2	-3.3110382E-2
2.4949276E+2	-3.2290818E-2
2.5006729E+2	-3.0770900E-2
2.5064270E+2	-2.9735269E-2
2.5121731E+2	-2.9362740E-2
2.5179164E+2	-3.0480327E-2
2.5236570E+2	-3.2678248E-2
2.5293824E+2	-3.5472216E-2
2.5351258E+2	-3.9294364E-2
2.5408529E+2	-4.4219198E-2
2.5466006E+2	-4.8272315E-2
2.5523365E+2	-5.1833692E-2
2.5580906E+2	-5.5022541E-2
2.5638134E+2	-5.7630244E-2
2.5695625E+2	-5.9537593E-2
2.5752967E+2	-6.0886148E-2
2.5810362E+2	-6.1675910E-2
2.5867885E+2	-6.1646108E-2
2.5925575E+2	-6.0588125E-2
2.5983060E+2	-5.9582297E-2
2.6040628E+2	-5.9314076E-2
2.6098294E+2	-5.9962276E-2
2.6155887E+2	-6.1541799E-2
2.6213458E+2	-6.3814227E-2
2.6270776E+2	-6.6258017E-2
2.6328358E+2	-6.8947677E-2
2.6385722E+2	-7.1048741E-2
2.6443158E+2	-7.3157255E-2
2.6500719E+2	-7.5154011E-2
2.6558247E+2	-7.6897447E-2
2.6615823E+2	-7.8290706E-2
2.6673268E+2	-7.9438095E-2
2.6730623E+2	-8.0138450E-2
2.6787818E+2	-8.0838804E-2
2.6845261E+2	-8.1330543E-2
2.6902726E+2	-8.1993644E-2
2.6960241E+2	-8.2828109E-2
2.7017732E+2	-8.3923345E-2
2.7075139E+2	-8.5242098E-2
2.7132478E+2	-8.6389487E-2
2.7189862E+2	-8.7574130E-2
2.7247460E+2	-8.8527804E-2
2.7304875E+2	-8.9921063E-2
2.7362484E+2	-9.1724103E-2
2.7419857E+2	-9.2998153E-2
2.7477246E+2	-9.3668705E-2
2.7534731E+2	-9.4152993E-2
2.7592201E+2	-9.4503170E-2
2.7649711E+2	-9.5292932E-2
2.7707162E+2	-9.5993286E-2
2.7764480E+2	-9.6298760E-2
2.7821991E+2	-9.6023088E-2
2.7879390E+2	-9.5382338E-2
2.7936916E+2	-9.4756490E-2
2.7994328E+2	-9.4100839E-2
2.8051824E+2	-9.3594199E-2
2.8109261E+2	-9.3095010E-2
2.8166759E+2	-9.2834240E-2
2.8224249E+2	-9.2506414E-2
2.8281588E+2	-9.2729932E-2
2.8339158E+2	-9.2759734E-2
2.8396480E+2	-9.2871493E-2
2.8453881E+2	-9.2834240E-2
2.8511487E+2	-9.2811888E-2
2.8568998E+2	-9.2789536E-2
2.8626370E+2	-9.2707580E-2
2.8683805E+2	-9.3400484E-2
2.8741375E+2	-9.4175344E-2
2.8798689E+2	-9.5047062E-2
2.8856163E+2	-9.5650559E-2
2.8913586E+2	-9.5918780E-2
2.8971053E+2	-9.5702713E-2
2.9028460E+2	-9.5315283E-2
2.9086035E+2	-9.5300382E-2
2.9143484E+2	-9.5725065E-2
2.9201053E+2	-9.7602612E-2
2.9258483E+2	-1.0100008E-1
2.9315891E+2	-1.0592491E-1
2.9373155E+2	-1.1076034E-1
2.9430379E+2	-1.1477620E-1
2.9487817E+2	-1.1710823E-1
2.9545248E+2	-1.1832268E-1
2.9602719E+2	-1.1868031E-1
2.9660059E+2	-1.1847169E-1
2.9717622E+2	-1.1821092E-1
2.9775041E+2	-1.1751056E-1
2.9832550E+2	-1.1689962E-1
2.9889889E+2	-1.1580438E-1
2.9947363E+2	-1.1494011E-1
3.0004851E+2	-1.1408330E-1
3.0062376E+2	-1.1335314E-1
3.0119706E+2	-1.1282415E-1
3.0177165E+2	-1.1261553E-1
3.0234579E+2	-1.1271239E-1
3.0292158E+2	-1.1270494E-1
3.0349591E+2	-1.1277199E-1
3.0407048E+2	-1.1239202E-1
3.0464477E+2	-1.1204184E-1
3.0522024E+2	-1.1166931E-1
3.0579490E+2	-1.1104346E-1
3.0637028E+2	-1.1033565E-1
3.0694491E+2	-1.0936708E-1
3.0751861E+2	-1.0847301E-1
3.0809249E+2	-1.0716171E-1
3.0866726E+2	-1.0584295E-1
3.0924162E+2	-1.0433794E-1
3.0981469E+2	-1.0234118E-1
3.1038925E+2	-1.0022522E-1
3.1096264E+2	-9.8541385E-2
3.1153724E+2	-9.6827751E-2
3.1211276E+2	-9.5523900E-2
3.1268718E+2	-9.6529728E-2
3.1326303E+2	-9.8682946E-2
3.1383726E+2	-1.0049344E-1
3.1440954E+2	-1.0126830E-1
3.1498349E+2	-1.0143966E-1
3.1555904E+2	-1.0094047E-1
3.1613432E+2	-1.0016561E-1
3.1670863E+2	-9.9949545E-2
3.1728347E+2	-1.0124595E-1
3.1785795E+2	-1.0340661E-1
3.1843154E+2	-1.0630489E-1
3.1900594E+2	-1.0912866E-1
3.1957968E+2	-1.1102856E-1
3.2015357E+2	-1.1139364E-1
3.2072722E+2	-1.1058897E-1
3.2130216E+2	-1.0841340E-1
3.2187578E+2	-1.0516495E-1
3.2245043E+2	-1.0141731E-1
3.2302480E+2	-9.7706920E-2
3.2359997E+2	-9.3795365E-2
3.2417440E+2	-9.0397900E-2
3.2474808E+2	-8.7700789E-2
3.2532212E+2	-8.6389487E-2
3.2589539E+2	-8.5018580E-2
3.2647009E+2	-8.3252793E-2
3.2704490E+2	-8.2068150E-2
3.2761972E+2	-8.1323092E-2
3.2819484E+2	-8.0503528E-2
3.2876888E+2	-8.0041592E-2
3.2934503E+2	-7.9579656E-2
3.2991832E+2	-7.9251831E-2
3.3049256E+2	-7.9236929E-2
3.3106670E+2	-7.9587107E-2
3.3164050E+2	-8.0004339E-2
3.3221575E+2	-8.0622737E-2
3.3278910E+2	-8.1345444E-2
3.3336271E+2	-8.2410877E-2
3.3393709E+2	-8.4571545E-2
3.3451022E+2	-8.7767845E-2
3.3508482E+2	-9.1597443E-2
3.3565970E+2	-9.5449394E-2
3.3623473E+2	-9.8474330E-2
3.3680901E+2	-1.0094047E-1
3.3738340E+2	-1.0283292E-1
3.3795918E+2	-1.0419638E-1
3.3853255E+2	-1.0483713E-1
3.3910734E+2	-1.0582060E-1
3.3968238E+2	-1.0707230E-1
3.4025602E+2	-1.0885299E-1
3.4082929E+2	-1.1032075E-1
3.4140484E+2	-1.1161715E-1
3.4197919E+2	-1.1285395E-1
3.4255421E+2	-1.1351705E-1
3.4312794E+2	-1.1383743E-1
3.4370164E+2	-1.1410565E-1
3.4427492E+2	-1.1431426E-1
3.4484854E+2	-1.1438877E-1
3.4542356E+2	-1.1433662E-1
3.4599770E+2	-1.1456758E-1
3.4657200E+2	-1.1470170E-1
3.4714494E+2	-1.1440367E-1
3.4771936E+2	-1.1389703E-1
3.4829386E+2	-1.1321158E-1
3.4886977E+2	-1.1242182E-1
3.4944363E+2	-1.1167676E-1
3.5001991E+2	-1.1062623E-1
3.5059411E+2	-1.0932238E-1
3.5116952E+2	-1.0780246E-1
3.5174371E+2	-1.0684133E-1
3.5231823E+2	-1.0585040E-1
3.5289290E+2	-1.0546297E-1
3.5346726E+2	-1.0538847E-1
3.5404165E+2	-1.0612608E-1
3.5461475E+2	-1.0725111E-1
3.5518799E+2	-1.0830165E-1
3.5576251E+2	-1.0879338E-1
3.5633583E+2	-1.0876358E-1
3.5691159E+2	-1.0886789E-1
3.5748549E+2	-1.0905415E-1
3.5806078E+2	-1.0894985E-1
3.5863292E+2	-1.0833145E-1
3.5920732E+2	-1.0772795E-1
3.5978253E+2	-1.0772050E-1
3.6035578E+2	-1.0792167E-1
3.6093023E+2	-1.0775030E-1
3.6150358E+2	-1.0703505E-1
3.6207989E+2	-1.0548533E-1
3.6265589E+2	-1.0378659E-1
3.6322870E+2	-1.0240079E-1
3.6380256E+2	-1.0202826E-1
3.6437491E+2	-1.0170788E-1
3.6495044E+2	-1.0087342E-1
3.6552351E+2	-9.9219388E-2
3.6609912E+2	-9.6581882E-2
3.6667408E+2	-9.3370682E-2
3.6724809E+2	-9.0226536E-2
3.6782249E+2	-8.8036066E-2
3.6839729E+2	-8.5972255E-2
3.6897157E+2	-8.3051627E-2
3.6954570E+2	-7.8782444E-2
3.7012060E+2	-7.3947017E-2
3.7069586E+2	-6.9484119E-2
3.7127013E+2	-6.6742305E-2
3.7184566E+2	-6.5743927E-2
3.7242013E+2	-6.4916913E-2
3.7299469E+2	-6.3471500E-2
3.7356934E+2	-6.1728064E-2
3.7414282E+2	-5.9336427E-2
3.7471807E+2	-5.6363646E-2
3.7529289E+2	-5.3159896E-2
3.7586727E+2	-4.9583617E-2
3.7644271E+2	-4.6260658E-2
3.7701568E+2	-4.3049457E-2
3.7758918E+2	-3.9815905E-2
3.7816431E+2	-3.6872926E-2
3.7873733E+2	-3.4794213E-2
3.7931242E+2	-3.4026804E-2
3.7988542E+2	-3.4496190E-2
3.8045985E+2	-3.6358835E-2
3.8103348E+2	-3.9219859E-2
3.8160817E+2	-4.3086710E-2
3.8218259E+2	-4.6581033E-2
3.8275623E+2	-4.9099329E-2
3.8333165E+2	-5.1356855E-2
3.8390730E+2	-5.3212050E-2
3.8448198E+2	-5.4709617E-2
3.8505580E+2	-5.5864457E-2
3.8563158E+2	-5.6684021E-2
3.8620688E+2	-5.7011846E-2
3.8678165E+2	-5.7376925E-2
3.8735577E+2	-5.7354573E-2
3.8792224E+2	-5.7451430E-2
3.8849803E+2	-5.7719651E-2
3.8907168E+2	-5.8397654E-2
3.8964574E+2	-5.9448186E-2
3.9021909E+2	-6.0826544E-2
3.9079358E+2	-6.2182549E-2
3.9136987E+2	-6.3285235E-2
3.9194374E+2	-6.3739721E-2
3.9251971E+2	-6.3471500E-2
3.9309302E+2	-6.2175099E-2
3.9366619E+2	-6.0409311E-2
3.9423993E+2	-5.8397654E-2
3.9481475E+2	-5.6415800E-2
3.9538938E+2	-5.5387619E-2
3.9596364E+2	-5.5246058E-2
3.9653801E+2	-5.6028369E-2
3.9711204E+2	-5.6892637E-2
3.9768583E+2	-5.7540837E-2
3.9825903E+2	-5.7891015E-2
3.9883363E+2	-5.7645146E-2
3.9940828E+2	-5.7265166E-2
3.9998260E+2	-5.6467954E-2
4.0055577E+2	-5.5611137E-2
4.0112874E+2	-5.5074695E-2
4.0170483E+2	-5.4873529E-2
4.0227887E+2	-5.4165724E-2
4.0285354E+2	-5.3353611E-2
4.0342716E+2	-5.2474442E-2
4.0400253E+2	-5.1513317E-2
4.0457807E+2	-5.0410631E-2
4.0515158E+2	-4.9948695E-2
4.0572580E+2	-4.9643221E-2
4.0629904E+2	-5.0172213E-2
4.0687488E+2	-5.0835314E-2
4.0744991E+2	-5.1178041E-2
4.0802408E+2	-5.1259998E-2
4.0859874E+2	-5.1416460E-2
4.0917339E+2	-5.1617625E-2
4.0974834E+2	-5.2236024E-2
4.1032372E+2	-5.3264204E-2
4.1089712E+2	-5.4605308E-2
4.1147152E+2	-5.5678192E-2
4.1204674E+2	-5.7265166E-2
4.1262258E+2	-5.8598820E-2
4.1319743E+2	-5.9723858E-2
4.1377163E+2	-6.1094765E-2
4.1434716E+2	-6.2517826E-2
4.1492162E+2	-6.4082448E-2
4.1549484E+2	-6.5222386E-2
4.1606854E+2	-6.6347424E-2
4.1664158E+2	-6.7092482E-2
4.1721604E+2	-6.7479912E-2
4.1779037E+2	-6.7412857E-2
4.1836484E+2	-6.7308549E-2
4.1893901E+2	-6.6988174E-2
4.1951362E+2	-6.6816811E-2
4.2008807E+2	-6.6936020E-2
4.2066127E+2	-6.7092482E-2
4.2123585E+2	-6.7092482E-2
4.2181052E+2	-6.7271296E-2
4.2238571E+2	-6.7122285E-2
4.2296145E+2	-6.6898767E-2
4.2353586E+2	-6.6526238E-2
4.2411163E+2	-6.5848235E-2
4.2468830E+2	-6.5401200E-2
4.2526253E+2	-6.4529482E-2
4.2583809E+2	-6.3695017E-2
4.2641264E+2	-6.2532727E-2
4.2698701E+2	-6.0997907E-2
4.2756087E+2	-5.8904294E-2
4.2813486E+2	-5.6535009E-2
4.2870926E+2	-5.4948035E-2
4.2928598E+2	-5.4888431E-2
4.2985986E+2	-5.4590407E-2
4.3043590E+2	-5.3726140E-2
4.3100928E+2	-5.3964558E-2
4.3158349E+2	-5.5477026E-2
4.3215817E+2	-5.8457259E-2
4.3273202E+2	-6.2473122E-2
4.3330819E+2	-6.6630546E-2
4.3388198E+2	-7.0430343E-2
4.3445730E+2	-7.3827808E-2
4.3503085E+2	-7.6681380E-2
4.3560339E+2	-7.8380113E-2
4.3616894E+2	-7.9475348E-2
4.3674335E+2	-7.9534953E-2
4.3731817E+2	-7.9065566E-2
4.3789331E+2	-7.8499322E-2
4.3846830E+2	-7.8387563E-2
4.3904242E+2	-7.9400842E-2
4.3961560E+2	-8.1032519E-2
4.4018861E+2	-8.3252793E-2
4.4076407E+2	-8.5055833E-2
4.4133794E+2	-8.6359685E-2
4.4191304E+2	-8.7119644E-2
4.4248740E+2	-8.7432569E-2
4.4306246E+2	-8.7268656E-2
4.4363613E+2	-8.6650258E-2
4.4421152E+2	-8.5830694E-2
4.4478632E+2	-8.4973877E-2
4.4536142E+2	-8.3856290E-2
4.4593531E+2	-8.2582240E-2
4.4650891E+2	-8.1010168E-2
4.4708459E+2	-7.9452996E-2
4.4765878E+2	-7.7694659E-2
4.4823338E+2	-7.6204543E-2
4.4880819E+2	-7.4736778E-2
4.4938221E+2	-7.3671345E-2
4.4995728E+2	-7.2926287E-2
4.5053069E+2	-7.2397296E-2
4.5110346E+2	-7.2658066E-2
4.5167893E+2	-7.3149805E-2
4.5225431E+2	-7.4267392E-2
4.5282871E+2	-7.6130037E-2
4.5340332E+2	-7.8514223E-2
4.5397964E+2	-8.1345444E-2
4.5455269E+2	-8.4213918E-2
4.5512701E+2	-8.6769467E-2
4.5569981E+2	-8.9339917E-2
4.5627594E+2	-9.1627246E-2
4.5684982E+2	-9.3288725E-2
4.5742489E+2	-9.5263129E-2
4.5800011E+2	-9.7565359E-2
4.5857490E+2	-9.9480158E-2
4.5914892E+2	-9.9420553E-2
4.5972336E+2	-9.8824507E-2
4.6029837E+2	-9.8675495E-2
4.6087372E+2	-9.9211937E-2
4.6144811E+2	-9.9807984E-2
4.6202352E+2	-1.0029227E-1
4.6259727E+2	-1.0132790E-1
4.6317303E+2	-1.0332466E-1
4.6374623E+2	-1.0570139E-1
4.6432599E+2	-1.0786951E-1
4.6490148E+2	-1.0924042E-1
4.6547750E+2	-1.0979921E-1
4.6605251E+2	-1.0929257E-1
4.6662726E+2	-1.0825694E-1
4.6720162E+2	-1.0783971E-1
4.6777725E+2	-1.0839850E-1
4.6835165E+2	-1.1052192E-1
4.6892492E+2	-1.1311472E-1
4.6949971E+2	-1.1589379E-1
4.7007555E+2	-1.1845679E-1
4.7065014E+2	-1.2066961E-1
4.7122268E+2	-1.2230129E-1
4.7179745E+2	-1.2366474E-1
4.7237357E+2	-1.2463332E-1
4.7294996E+2	-1.2575091E-1
4.7352320E+2	-1.2698770E-1
4.7409924E+2	-1.2851507E-1
4.7467355E+2	-1.3034792E-1
4.7524814E+2	-1.3229997E-1
4.7582438E+2	-1.3361127E-1
4.7639822E+2	-1.3431162E-1
4.7697320E+2	-1.3428927E-1
4.7754628E+2	-1.3351441E-1
4.7812157E+2	-1.3250858E-1
4.7869731E+2	-1.3189019E-1
4.7927150E+2	-1.3139845E-1
4.7984826E+2	-1.3121963E-1
4.8042383E+2	-1.3132394E-1
4.8099834E+2	-1.3197214E-1
4.8157342E+2	-1.3303012E-1
4.8214731E+2	-1.3441593E-1
4.8272202E+2	-1.3517589E-1
4.8329731E+2	-1.3583899E-1
4.8387158E+2	-1.3568253E-1
4.8444478E+2	-1.3551117E-1
4.8502103E+2	-1.3554842E-1
4.8559485E+2	-1.3576449E-1
4.8617015E+2	-1.3616682E-1
4.8674484E+2	-1.3690443E-1
4.8732139E+2	-1.3665111E-1
4.8789580E+2	-1.3597310E-1
4.8847054E+2	-1.3523550E-1
4.8904543E+2	-1.3440103E-1
4.8962008E+2	-1.3260544E-1
4.9019494E+2	-1.3080985E-1
4.9076837E+2	-1.3270975E-1
4.9134164E+2	-1.3693423E-1
4.9191468E+2	-1.4242531E-1
4.9248878E+2	-1.4783443E-1
4.9306338E+2	-1.5128405E-1
4.9363694E+2	-1.5215577E-1
4.9421211E+2	-1.5187264E-1
4.9478694E+2	-1.5237928E-1
4.9536063E+2	-1.5347452E-1
4.9593576E+2	-1.5509875E-1
4.9650914E+2	-1.5682728E-1
4.9708477E+2	-1.5775115E-1
4.9765878E+2	-1.5842916E-1
4.9823590E+2	-1.5900285E-1
4.9880923E+2	-1.5932322E-1
4.9938342E+2	-1.5972556E-1
4.9995834E+2	-1.5962125E-1
5.0053255E+2	-1.5872718E-1
5.0110574E+2	-1.5686453E-1
5.0168046E+2	-1.5402586E-1
5.0225732E+2	-1.5140326E-1
5.0283226E+2	-1.4943630E-1
5.0340624E+2	-1.4836342E-1
5.0398051E+2	-1.4770032E-1
5.0455157E+2	-1.4701487E-1
5.0512479E+2	-1.4672429E-1
5.0570043E+2	-1.4679135E-1
5.0627479E+2	-1.4768542E-1
5.0685154E+2	-1.4811010E-1
5.0742485E+2	-1.4824421E-1
5.0799975E+2	-1.4780463E-1
5.0857308E+2	-1.4816971E-1
5.0914819E+2	-1.4923514E-1
5.0972351E+2	-1.5095622E-1
5.1029935E+2	-1.5162677E-1
5.1087489E+2	-1.5117229E-1
5.1144899E+2	-1.4929474E-1
5.1202338E+2	-1.4685840E-1
5.1259824E+2	-1.4487655E-1
5.1317484E+2	-1.4396013E-1
5.1375162E+2	-1.4290959E-1
5.1432576E+2	-1.4217199E-1
5.1490144E+2	-1.4279784E-1
5.1547625E+2	-1.4507026E-1
5.1605058E+2	-1.4851243E-1
5.1662569E+2	-1.5132130E-1
5.1720043E+2	-1.5237928E-1
5.1777501E+2	-1.5345217E-1
5.1835004E+2	-1.5597046E-1
5.1892360E+2	-1.5863032E-1
5.1949764E+2	-1.6200543E-1
5.2007278E+2	-1.6615541E-1
5.2064782E+2	-1.6998501E-1
5.2122053E+2	-1.7205627E-1
5.2179484E+2	-1.7239899E-1
5.2236907E+2	-1.7186255E-1
5.2294336E+2	-1.7166139E-1
5.2351825E+2	-1.7163904E-1
5.2409256E+2	-1.7222018E-1
5.2466727E+2	-1.7336012E-1
5.2524238E+2	-1.7493219E-1
5.2581711E+2	-1.7632545E-1
5.2639209E+2	-1.7710776E-1
5.2696723E+2	-1.7751754E-1
5.2754152E+2	-1.7724187E-1
5.2811723E+2	-1.7666073E-1
5.2869158E+2	-1.7572940E-1
5.2926619E+2	-1.7481298E-1
5.2984158E+2	-1.7324091E-1
5.3041730E+2	-1.7096103E-1
5.3099259E+2	-1.6774238E-1
5.3156725E+2	-1.6380847E-1
5.3214195E+2	-1.5965105E-1
5.3271697E+2	-1.5588851E-1
5.3329237E+2	-1.5234948E-1
5.3386731E+2	-1.4884026E-1
5.3444255E+2	-1.4601649E-1
5.3501575E+2	-1.4355780E-1
5.3558879E+2	-1.4065952E-1
5.3616305E+2	-1.3780595E-1
5.3673928E+2	-1.3482571E-1
5.3731330E+2	-1.3233722E-1
5.3788871E+2	-1.3028086E-1
5.3846333E+2	-1.2850017E-1
5.3903806E+2	-1.2823195E-1
5.3961251E+2	-1.2742729E-1
5.4018732E+2	-1.2625755E-1
5.4076344E+2	-1.2569130E-1
5.4133732E+2	-1.2516976E-1
5.4190979E+2	-1.2420864E-1
5.4248270E+2	-1.2347848E-1
5.4305816E+2	-1.2240560E-1
5.4363217E+2	-1.2136997E-1
5.4420793E+2	-1.2144447E-1
5.4478191E+2	-1.2239815E-1
5.4535723E+2	-1.2330712E-1
5.4593339E+2	-1.2339652E-1
5.4650817E+2	-1.2297929E-1
5.4708202E+2	-1.2181700E-1
5.4765731E+2	-1.2045354E-1
5.4823163E+2	-1.1879206E-1
5.4880620E+2	-1.1776388E-1
5.4938162E+2	-1.1727215E-1
5.4995571E+2	-1.1736155E-1
5.5053012E+2	-1.1775643E-1
5.5110364E+2	-1.1816622E-1
5.5167862E+2	-1.1824817E-1
5.5225308E+2	-1.1894108E-1
5.5281929E+2	-1.1991710E-1
5.5339570E+2	-1.2095273E-1
5.5397182E+2	-1.2164564E-1
5.5454613E+2	-1.2206287E-1
5.5512163E+2	-1.2207032E-1
5.5569591E+2	-1.2204797E-1
5.5626927E+2	-1.2173504E-1
5.5684484E+2	-1.2157858E-1
5.5742013E+2	-1.2157858E-1
5.5799484E+2	-1.2113900E-1
5.5857018E+2	-1.2090058E-1
5.5914363E+2	-1.2034924E-1
5.5972044E+2	-1.1970849E-1
5.6029488E+2	-1.1841954E-1
5.6087011E+2	-1.1700392E-1
5.6144571E+2	-1.1534990E-1
5.6202045E+2	-1.1363626E-1
5.6259480E+2	-1.1222810E-1
5.6316881E+2	-1.1067838E-1
5.6374484E+2	-1.0906906E-1
5.6431922E+2	-1.0766090E-1
5.6489225E+2	-1.0607392E-1
5.6546589E+2	-1.0448695E-1
5.6603927E+2	-1.0304899E-1
5.6661487E+2	-1.0157377E-1
5.6718997E+2	-1.0019541E-1
5.6776469E+2	-9.9003321E-2
5.6833726E+2	-9.7855931E-2
5.6891027E+2	-9.6768147E-2
5.6948378E+2	-9.5739966E-2
5.7005973E+2	-9.5367437E-2
5.7063256E+2	-9.4808644E-2
5.7120804E+2	-9.4085937E-2
5.7178258E+2	-9.3281275E-2
5.7235614E+2	-9.3370682E-2
5.7293162E+2	-9.4622379E-2
5.7350551E+2	-9.6261507E-2
5.7408260E+2	-9.6894806E-2
5.7465834E+2	-9.6574431E-2
5.7523378E+2	-9.5456844E-2
5.7580889E+2	-9.4048684E-2
5.7638357E+2	-9.2580920E-2
5.7695894E+2	-9.1575092E-2
5.7753249E+2	-9.1046100E-2
5.7810809E+2	-9.0651220E-2
5.7868267E+2	-8.9921063E-2
5.7925809E+2	-8.9086598E-2
5.7983259E+2	-8.7998813E-2
5.8040815E+2	-8.7544327E-2
5.8098207E+2	-8.7864702E-2
5.8155793E+2	-8.8922685E-2
5.8213162E+2	-8.9228159E-2
5.8270690E+2	-8.8684266E-2
5.8328123E+2	-8.7738042E-2
5.8385347E+2	-8.6732214E-2
5.8442589E+2	-8.5756188E-2
5.8500162E+2	-8.5003679E-2
5.8557655E+2	-8.4333127E-2
5.8615144E+2	-8.3841388E-2
5.8672574E+2	-8.3252793E-2
5.8730162E+2	-8.2716351E-2
5.8787479E+2	-8.2127755E-2
5.8844869E+2	-8.1337993E-2
5.8902412E+2	-8.0481176E-2
5.8959820E+2	-7.9877679E-2
5.9017356E+2	-7.9274182E-2
5.9074782E+2	-7.8961258E-2
5.9132205E+2	-7.8842049E-2
5.9189566E+2	-7.8573828E-2
5.9247006E+2	-7.8342860E-2
5.9304489E+2	-7.7962880E-2
5.9361868E+2	-7.7545647E-2
5.9419358E+2	-7.7351932E-2
5.9476847E+2	-7.7188020E-2
5.9534490E+2	-7.7322130E-2
5.9591902E+2	-7.7679758E-2
5.9649327E+2	-7.8499322E-2
5.9706799E+2	-7.9371040E-2
5.9764236E+2	-8.0697243E-2
5.9821691E+2	-8.2433229E-2
5.9879032E+2	-8.4593897E-2
5.9936573E+2	-8.6888676E-2
5.9994004E+2	-8.9064246E-2
6.0051571E+2	-9.1530388E-2
6.0108945E+2	-9.4220048E-2
6.0166475E+2	-9.7259885E-2
6.0223817E+2	-1.0007620E-1
6.0281148E+2	-1.0259450E-1
6.0338484E+2	-1.0481477E-1
6.0395906E+2	-1.0648370E-1
6.0453384E+2	-1.0811538E-1
6.0510912E+2	-1.0965765E-1
6.0568264E+2	-1.1149049E-1
6.0625565E+2	-1.1318923E-1
6.0683014E+2	-1.1431426E-1
6.0740569E+2	-1.1493266E-1
6.0798041E+2	-1.1567772E-1
6.0855564E+2	-1.1628867E-1
6.0913014E+2	-1.1667610E-1
6.0970484E+2	-1.1695177E-1
6.1028026E+2	-1.1730195E-1
6.1085488E+2	-1.1768938E-1
6.1142972E+2	-1.1792035E-1
6.1200326E+2	-1.1850894E-1
6.1257727E+2	-1.1889637E-1
6.1315241E+2	-1.1929125E-1
6.1372727E+2	-1.1930615E-1
6.1430158E+2	-1.1926890E-1
6.1487570E+2	-1.1949987E-1
6.1544989E+2	-1.2039394E-1
6.1602676E+2	-1.2169779E-1
6.1660157E+2	-1.2265147E-1
6.1717579E+2	-1.2316556E-1
6.1774935E+2	-1.2309850E-1
6.1832592E+2	-1.2277067E-1
6.1889992E+2	-1.2179465E-1
6.1947480E+2	-1.2078137E-1
6.2004809E+2	-1.1954457E-1
6.2062289E+2	-1.1784584E-1
6.2119813E+2	-1.1606515E-1
6.2177104E+2	-1.1480600E-1
6.2234484E+2	-1.1500717E-1
6.2291995E+2	-1.1432917E-1
6.2349484E+2	-1.1169166E-1
6.2407150E+2	-1.0751934E-1
6.2464481E+2	-1.0361523E-1
6.2521818E+2	-1.0253490E-1
6.2579113E+2	-1.0453910E-1
6.2636469E+2	-1.0847301E-1
6.2693948E+2	-1.1122972E-1
6.2751432E+2	-1.1313707E-1
6.2808824E+2	-1.1334569E-1
6.2866241E+2	-1.1467189E-1
6.2923671E+2	-1.1464954E-1
6.2981055E+2	-1.1768938E-1
6.3038483E+2	-1.2322516E-1
6.3095785E+2	-1.3084710E-1
6.3153187E+2	-1.3829023E-1
6.3210726E+2	-1.4112891E-1
6.3268264E+2	-1.4184416E-1
6.3325572E+2	-1.4488400E-1
6.3382792E+2	-1.4978648E-1
