326.05785 248.9408
326.63281 248.8725
327.206 248.7668
327.77983 248.6091
328.35343 248.3944
328.92739 248.119
329.50088 247.7973
330.07353 247.4262
330.64751 247.0037
331.2213 246.5269
331.79516 246.0174
332.36821 245.4698
332.94377 244.8928
333.51729 244.2813
334.09274 243.6573
334.66694 243.0096
335.2395 242.3531
335.81274 241.6834
336.38585 241.0031
336.9584 240.3153
337.53205 239.6256
338.10534 238.9378
338.67808 238.2538
339.25163 237.5653
339.82711 236.8869
340.39886 236.2066
340.97184 235.5263
341.54535 234.8454
342.118 234.1651
342.6928 233.4848
343.26617 232.8133
343.84013 232.153
344.41175 231.4952
344.98718 230.8443
345.56062 230.1909
346.13382 229.5419
346.70739 228.8904
347.27955 228.2358
347.85334 227.5843
348.42712 226.9309
349.00089 226.2856
349.57379 225.641
350.14713 225.002
350.7197 224.3612
351.29481 223.7328
351.86866 223.1051
352.44329 222.4811
353.01647 221.8565
353.58901 221.2432
354.16273 220.6255
354.73579 220.0203
355.30969 219.417
355.88385 218.818
356.45802 218.2185
357.03207 217.6227
357.60409 217.0344
358.17799 216.4473
358.75085 215.8634
359.32376 215.287
359.89896 214.7131
360.4728 214.1511
361.04682 213.5947
361.61933 213.0446
362.19273 212.5026
362.76539 211.9662
363.33993 211.4355
363.9119 210.9035
364.48538 210.3772
365.05866 209.8546
365.63279 209.3452
366.20547 208.8376
366.77816 208.3351
367.35097 207.8419
367.92385 207.35
368.49707 206.8631
369.06902 206.3793
369.64326 205.9055
370.21789 205.4336
370.79123 204.9692
371.36611 204.5086
371.9399 204.0505
372.51274 203.5899
373.08718 203.1418
373.66049 202.6886
374.2338 202.2337
374.80712 201.7705
375.38109 201.3124
375.95519 200.8593
376.52815 200.403
377.10122 199.9493
377.67385 199.5043
378.24806 199.0612
378.82171 198.6263
379.39494 198.1863
379.96845 197.757
380.5428 197.3301
381.11502 196.9033
381.68968 196.4727
382.26384 196.0453
382.83712 195.6253
383.41206 195.1979
383.98555 194.7817
384.55946 194.3592
385.1328 193.9412
385.70626 193.5319
386.28075 193.1238
386.85389 192.7082
387.4281 192.2958
388.0013 191.8821
388.57394 191.4784
389.14734 191.0748
389.72072 190.6786
390.29393 190.2843
390.86798 189.8925
391.44121 189.5089
392.0139 189.1196
392.58715 188.7316
393.16109 188.3392
393.73708 187.9524
394.30984 187.5731
394.88298 187.1958
395.45799 186.8115
396.03165 186.4354
396.60386 186.0642
397.1782 185.6931
397.75274 185.3213
398.32755 184.9521
398.90168 184.5797
399.47521 184.2142
400.04868 183.8468
400.62281 183.4763
401.19717 183.1046
401.77042 182.7428
402.34374 182.3799
402.91636 182.0281
403.48906 181.6802
404.06306 181.3447
404.63528 181.0074
405.2082 180.6832
405.78141 180.354
406.35712 180.0329
406.92938 179.7119
407.50274 179.3895
408.0775 179.0697
408.6503 178.7518
409.22374 178.4376
409.79719 178.121
410.36975 177.8043
410.94278 177.4932
411.51532 177.1822
412.08885 176.8705
412.66279 176.5601
413.23683 176.2534
413.80973 175.9486
414.38273 175.6413
414.95794 175.3441
415.53278 175.0405
416.10613 174.7457
416.67872 174.4472
417.25279 174.1556
417.82718 173.8545
418.40129 173.5648
418.97382 173.27
419.54777 172.9727
420.1212 172.6773
420.69577 172.3813
421.26907 172.0865
421.8424 171.7986
422.4153 171.4995
422.98896 171.2066
423.56188 170.9131
424.13795 170.622
424.71105 170.3304
425.28362 170.0375
425.85713 169.7446
426.42925 169.4573
427.00136 169.1688
427.5762 168.8847
428.14838 168.6012
428.72278 168.3202
429.29646 168.0467
429.86929 167.7801
430.44172 167.5109
431.01535 167.2575
431.58819 166.9984
432.16275 166.7499
432.73719 166.5033
433.31092 166.2592
433.88408 166.0177
434.45919 165.7805
435.03192 165.5458
435.6061 165.3073
436.17977 165.0739
436.75371 164.8379
437.32611 164.6032
437.89975 164.3698
438.4728 164.1314
439.04684 163.8879
439.61976 163.6513
440.19283 163.4079
440.76535 163.1607
441.33989 162.9122
441.91278 162.6612
442.4871 162.4128
443.05973 162.1574
443.63409 161.9052
444.20807 161.653
444.78171 161.4039
445.35532 161.1548
445.92926 160.9182
446.5028 160.6729
447.07529 160.4363
447.65 160.1935
448.22371 159.9582
448.79729 159.7185
449.37091 159.4838
449.94382 159.2491
450.51708 159.0107
451.09061 158.7772
451.66414 158.545
452.23807 158.316
452.81168 158.0838
453.38711 157.8578
453.95975 157.6357
454.53371 157.4172
455.10704 157.1963
455.68014 156.9892
456.25376 156.777
456.8271 156.5673
457.40274 156.3614
457.97532 156.158
458.54847 155.9565
459.12149 155.7494
459.69532 155.5491
460.27009 155.3494
460.84422 155.1442
461.41821 154.9451
461.99139 154.7505
462.56435 154.549
463.13841 154.3487
463.71227 154.1559
464.28521 153.9569
464.85899 153.7623
465.43374 153.5651
466.00717 153.3743
466.58043 153.1809
467.15276 152.985
467.72506 152.7991
468.30004 152.6101
468.87271 152.4205
469.4455 152.2302
470.01989 152.0443
470.59432 151.8585
471.16812 151.6707
471.74217 151.488
472.31387 151.3002
472.88833 151.1206
473.46169 150.9372
474.03385 150.7545
474.60831 150.5705
475.18071 150.3927
475.75374 150.2131
476.32545 150.0322
476.8997 149.8539
477.47191 149.6767
478.04706 149.5034
478.61818 149.3213
479.19215 149.1517
479.76607 148.9745
480.33886 148.8068
480.91173 148.6372
481.4859 148.4664
482.06021 148.3011
482.63352 148.1315
483.20651 147.9632
483.77829 147.798
484.35192 147.6308
484.92529 147.4656
485.49853 147.2998
486.07276 147.1314
486.64542 146.9674
487.21793 146.8066
487.79098 146.637
488.36415 146.4774
488.93841 146.3128
489.51265 146.1482
490.08707 145.9874
490.65966 145.829
491.23189 145.6676
491.80507 145.5042
492.37885 145.3434
492.95281 145.1813
493.52683 145.0211
494.10126 144.8558
494.67575 144.6962
495.24925 144.5367
495.82266 144.3777
496.39517 144.2181
496.96847 144.0579
497.5428 143.907
498.11712 143.7462
498.68956 143.5885
499.26365 143.4295
499.83591 143.2687
500.40924 143.106
500.98154 142.9501
501.5554 142.7899
502.12763 142.6328
502.70093 142.472
503.27379 142.3155
503.84806 142.1603
504.42024 142.0001
504.99374 141.8424
505.56719 141.6847
506.14106 141.5294
506.71378 141.373
507.28989 141.2146
507.86278 141.0557
508.43539 140.9074
509.0081 140.7528
509.58095 140.6019
510.15331 140.4499
510.72584 140.2978
511.2997 140.1351
511.87374 139.9811
512.44712 139.8265
513.02029 139.6763
513.59369 139.533
514.16717 139.3809
514.74043 139.2345
515.31274 139.088
515.88718 138.9384
516.45955 138.7957
517.03274 138.6449
517.6071 138.4953
518.18042 138.3458
518.75368 138.1949
519.3278 138.0497
519.90376 137.9058
520.47735 137.765
521.05128 137.6273
521.62484 137.4934
522.19829 137.36
522.77279 137.2211
523.34385 137.0897
523.918 136.9564
524.49232 136.8287
525.06619 136.6985
525.6401 136.5696
526.21377 136.4394
526.78813 136.3105
527.36165 136.1828
527.9338 136.0526
528.50783 135.9212
529.08101 135.7967
529.65356 135.6696
530.22812 135.5407
530.80112 135.4143
531.37693 135.286
531.94837 135.1639
532.52045 135.0394
533.09379 134.9136
533.66792 134.7903
534.24171 134.667
534.81718 134.54
535.39329 134.4198
535.96904 134.2978
536.54173 134.1782
537.11386 134.0656
537.6872 133.9435
538.26121 133.8265
538.8354 133.7126
539.40986 133.5987
539.98273 133.4842
540.55612 133.3709
541.13055 133.2582
541.70322 133.1437
542.2762 133.0273
542.84949 132.909
543.42376 132.792
543.99722 132.6774
544.5693 132.5623
545.14174 132.4465
545.71386 132.3295
546.28805 132.2149
546.8613 132.1042
547.43384 131.9921
548.00811 131.877
548.5816 131.7668
549.15478 131.6498
549.72984 131.5403
550.30378 131.4232
550.87718 131.3125
551.45032 131.1979
552.02274 131.089
552.59718 130.9764
553.17077 130.8694
553.74374 130.7605
554.31763 130.6516
554.89111 130.5446
555.46584 130.4375
556.03956 130.328
556.6128 130.2254
557.18429 130.124
557.75805 130.0195
558.33155 129.9212
558.90554 129.8161
559.47987 129.7184
560.05385 129.6227
560.62707 129.5257
561.20067 129.4305
561.77381 129.336
562.34717 129.2403
562.92252 129.1508
563.49527 129.0538
564.06971 128.9637
564.64404 128.8729
565.21794 128.784
565.79146 128.6933
566.36376 128.6019
566.93805 128.5143
567.51163 128.4267
568.08642 128.3434
568.66003 128.2533
569.23274 128.1713
569.80717 128.0875
570.38003 128.0036
570.95384 127.9185
571.52788 127.8321
572.10274 127.7476
572.67535 127.6638
573.24933 127.5799
573.82377 127.496
574.39792 127.4116
574.96964 127.3314
575.54279 127.252
576.11712 127.1731
576.68945 127.0886
577.26103 127.0098
577.83378 126.9347
578.40741 126.8514
578.98014 126.7726
579.55484 126.6943
580.12836 126.6186
580.7028 126.5379
581.27637 126.4596
581.85098 126.3814
582.42536 126.3013
582.99962 126.2274
583.57266 126.1498
584.14527 126.0766
584.72007 125.9965
585.29309 125.9239
585.86717 125.8507
586.44019 125.7768
587.01443 125.6955
587.58904 125.6254
588.16144 125.5459
588.73604 125.4689
589.30929 125.3901
589.88322 125.315
590.45716 125.2424
591.03015 125.1685
591.60274 125.0915
592.17809 125.0152
592.75279 124.9451
593.32618 124.8731
593.89839 124.8068
594.47116 124.736
595.04717 124.6634
595.62019 124.5952
596.19378 124.522
596.76907 124.4525
597.34379 124.3824
597.91806 124.3149
598.49129 124.2423
599.06376 124.1728
599.63756 124.1014
600.21129 124.0307
600.78388 123.955
601.35701 123.8893
601.93051 123.8204
602.50374 123.7485
603.07738 123.6752
603.65217 123.6051
604.22473 123.5382
604.79791 123.4693
605.37157 123.3974
605.94966 123.331
606.52199 123.2647
607.09573 123.1971
607.66861 123.1295
608.24158 123.0632
608.8153 122.9924
609.38844 122.9223
609.96119 122.8541
610.53545 122.7878
611.10823 122.7139
611.68278 122.6495
612.25769 122.585
612.82971 122.5174
613.40278 122.4492
613.97711 122.3885
614.54969 122.3278
615.12254 122.2577
615.69659 122.1964
616.26875 122.1306
616.84562 122.0699
617.41814 122.0055
617.99261 121.9385
618.56554 121.8703
619.13977 121.8064
619.71266 121.7395
620.28741 121.6769
620.86374 121.6131
621.4376 121.5499
622.01274 121.4885
622.58804 121.4253
623.15952 121.3583
623.73356 121.2989
624.30543 121.2413
624.87871 121.1825
625.45372 121.1211
626.02836 121.0642
626.60135 121.0104
627.17291 120.9565
627.74718 120.8996
628.32022 120.8514
628.89378 120.797
629.46814 120.7425
630.0428 120.6906
630.61595 120.638
631.18859 120.5792
631.76273 120.5253
632.33594 120.4696
632.90959 120.4121
633.48388 120.3607
634.05985 120.3025
634.63593 120.2418
635.21008 120.1817
635.78383 120.1223
636.35841 120.0603
636.93133 119.9952
637.50613 119.9264
638.07808 119.8638
638.65279 119.7975
639.22548 119.7299
639.80121 119.6642
640.37379 119.5909
640.94848 119.5246
641.52222 119.452
642.09612 119.3794
642.66918 119.3081
643.24281 119.2386
643.81393 119.1529
644.3891 119.084
644.96326 119.0064
645.53721 118.9275
646.10917 118.8543
646.68374 118.7798
647.25636 118.7022
647.83056 118.6309
648.40389 118.5533
648.97757 118.4807
649.56067 118.4043
650.13359 118.3342
650.70624 118.2635
651.27869 118.1915
651.8512 118.1196
652.42374 118.0589
652.99759 117.9875
653.57135 117.9143
654.14552 117.8511
654.71846 117.7841
655.29267 117.7121
655.86712 117.6496
656.44041 117.5845
657.01344 117.5188
657.58714 117.4568
658.16028 117.3917
658.73485 117.3323
659.30919 117.2684
659.88274 117.2127
660.45743 117.1576
661.03028 117.1032
661.60269 117.0437
662.17718 116.9943
662.75021 116.9467
663.32306 116.8954
663.8953 116.8466
664.46873 116.7909
665.04329 116.7452
665.6171 116.697
666.19081 116.6488
666.76427 116.6006
667.33824 116.5531
667.91281 116.508
668.48532 116.4611
669.05985 116.4116
669.63446 116.3653
670.21059 116.3215
670.78274 116.2758
671.35579 116.2314
671.92954 116.1882
672.50279 116.1431
673.07552 116.0968
673.64914 116.0536
674.22262 116.0086
674.79531 115.9698
675.37132 115.9228
675.94592 115.8772
676.51897 115.8384
677.09158 115.7958
677.66384 115.7526
678.23718 115.7088
678.81087 115.6662
679.38386 115.6281
679.95847 115.5861
680.53274 115.5411
681.10804 115.4991
681.6812 115.4566
682.25543 115.4165
682.83104 115.3683
683.40407 115.3258
683.97838 115.2851
684.55167 115.2419
685.124 115.2006
685.69806 115.1618
686.27055 115.118
686.84538 115.0761
687.419 115.036
687.99191 114.996
688.56386 114.9534
689.13801 114.9121
689.71172 114.8683
690.28641 114.8264
690.85846 114.7869
691.43135 114.7475
692.00511 114.7074
692.57804 114.668
693.1517 114.6323
693.72591 114.5948
694.29852 114.5585
694.87181 114.5191
695.44467 114.4853
696.01874 114.4496
696.59339 114.412
697.16617 114.3764
697.74027 114.3426
698.31366 114.3082
698.88719 114.2725
699.46113 114.2349
700.03342 114.2055
700.60767 114.173
701.18141 114.136
701.75555 114.1041
702.32984 114.0753
702.9025 114.0428
703.47579 114.0084
704.05041 113.9752
704.62364 113.942
705.19718 113.9051
705.77063 113.8732
706.34423 113.8406
706.91805 113.81
707.49032 113.7774
708.06616 113.7461
708.63992 113.7161
709.21273 113.6854
709.78536 113.6516
710.35844 113.6216
710.93139 113.5872
711.50483 113.5578
712.07826 113.524
712.65171 113.4939
713.22524 113.4595
713.79865 113.4313
714.37279 113.4
714.94629 113.3738
715.51938 113.3456
716.0938 113.3162
716.6681 113.2893
717.24076 113.2574
717.81171 113.2355
718.38381 113.2048
718.9581 113.1716
719.53279 113.1453
720.10544 113.1172
720.67864 113.0846
721.25358 113.0558
721.82829 113.0264
722.40274 112.9995
722.97723 112.9688
723.5501 112.9388
724.12406 112.9044
724.69999 112.8806
725.27368 112.8499
725.846 112.8199
726.41928 112.7923
726.99274 112.7673
727.56561 112.7341
728.14027 112.7054
728.71311 112.6759
729.28842 112.649
729.86184 112.619
730.43612 112.5902
731.00966 112.5577
731.58311 112.527
732.15805 112.4951
732.73158 112.4663
733.30538 112.44
733.87855 112.4087
734.45168 112.3805
735.02615 112.3511
735.59894 112.3255
736.17279 112.2986
736.74618 112.2729
737.32042 112.2447
737.89279 112.2122
738.46712 112.1853
739.04023 112.1546
739.61374 112.1258
740.18717 112.1008
740.7597 112.0707
741.33273 112.0476
741.9063 112.0219
742.48025 111.99
743.05382 111.9644
743.62783 111.9356
744.2002 111.9105
744.77264 111.878
745.34617 111.8523
745.92026 111.8185
746.49539 111.7891
747.07117 111.7584
747.64391 111.734
748.2175 111.7059
748.79055 111.6746
749.36359 111.647
749.93794 111.6183
750.51162 111.5932
751.08674 111.5651
751.66056 111.535
752.23279 111.5075
752.80566 111.4743
753.37828 111.4493
753.95238 111.4224
754.52423 111.3942
755.10047 111.3667
755.67374 111.3404
756.24717 111.3153
756.82059 111.2841
757.39267 111.2615
757.96587 111.2359
758.53907 111.2064
759.11376 111.1827
759.68815 111.1564
760.26183 111.1339
760.83512 111.1076
761.40915 111.0825
761.98278 111.0575
762.55702 111.0368
763.12932 111.0099
763.70363 110.9849
764.27589 110.9649
764.849 110.9355
765.42281 110.9148
765.99718 110.8885
766.57049 110.8697
767.14662 110.8447
767.72008 110.8259
768.29374 110.8022
768.86679 110.7802
769.44001 110.7577
770.01273 110.7402
770.58717 110.7189
771.16031 110.6958
771.73305 110.6757
772.30762 110.6513
772.88229 110.6382
773.45719 110.6169
774.02933 110.5956
774.60374 110.5731
775.17629 110.5531
775.74958 110.5362
776.32273 110.5111
776.89715 110.4924
777.46965 110.473
778.04377 110.4504
778.61854 110.4291
779.19171 110.4104
779.76484 110.3897
780.3383 110.3772
780.91279 110.3515
781.48719 110.3365
782.06005 110.3146
782.6318 110.3021
783.20519 110.2796
783.77821 110.2645
784.3519 110.2451
784.92531 110.2251
785.49894 110.2095
786.0728 110.1894
786.64719 110.1732
787.22274 110.1519
787.79622 110.1375
788.36866 110.1181
788.9428 110.1018
789.51712 110.0831
790.09028 110.0618
790.66524 110.048
791.23916 110.0299
791.81264 110.0117
792.38556 109.9961
792.96041 109.9742
793.53281 109.9585
794.10731 109.9385
794.67935 109.9266
795.25273 109.9072
795.82703 109.8878
796.4004 109.8684
796.97717 109.8515
797.55061 109.8352
798.1254 109.8183
798.70008 109.7995
799.27375 109.7839
799.84717 109.762
800.42167 109.7445
800.99519 109.7301
801.57138 109.7094
802.14585 109.6913
802.71946 109.6712
803.29274 109.6556
803.86686 109.6368
804.44109 109.6187
805.01384 109.5974
805.58717 109.583
806.16077 109.5667
806.73529 109.5442
807.30932 109.5285
807.8828 109.5073
808.45775 109.4897
809.03118 109.471
809.60388 109.4547
810.17814 109.4384
810.75088 109.4171
811.32547 109.4002
811.89871 109.3815
812.47227 109.3589
813.0443 109.3445
813.61855 109.3226
814.1908 109.2995
814.76559 109.2807
815.33988 109.2594
815.91273 109.2413
816.48712 109.22
817.05974 109.2012
817.63308 109.1793
818.20717 109.158
818.78098 109.1311
819.35366 109.108
819.92712 109.0892
820.50199 109.0667
821.07388 109.0454
821.64623 109.0222
822.2186 108.9997
822.79277 108.9759
823.36626 108.9597
823.93959 108.9384
824.51454 108.924
825.08831 108.8983
825.66197 108.882
826.23399 108.8633
826.80799 108.8407
827.38033 108.8232
827.95278 108.8026
828.52532 108.7782
829.10143 108.7631
829.67562 108.7456
830.25032 108.7212
830.82377 108.7074
831.39809 108.6805
831.97153 108.6668
832.54431 108.6505
833.11799 108.6286
833.69094 108.6186
834.26419 108.5967
834.83807 108.581
835.41276 108.561
835.98615 108.5428
836.56007 108.5241
837.13377 108.509
837.70719 108.4884
838.28096 108.4709
838.85545 108.4546
