1.900000000000000000e+01 9.970000000000000000e+02
4.400000000000000000e+01 8.850000000000000000e+02
6.900000000000000000e+01 9.890000000000010232e+02
9.400000000000000000e+01 8.890000000000000000e+02
1.170000000000000000e+02 9.870000000000000000e+02
1.520000000000000000e+02 7.330000000000000000e+02
1.770000000000000000e+02 8.680000000000000000e+02
2.020000000000000000e+02 7.420000000000000000e+02
2.260000000000000000e+02 8.610000000000000000e+02
2.510000000000000000e+02 7.490000000000000000e+02
