 1.00000000000000E+0000 8.96000000000000E+0002
 2.00000000000000E+0000 9.02000000000000E+0002
 3.00000000000000E+0000 9.07000000000000E+0002
 4.00000000000000E+0000 9.13000000000000E+0002
 5.00000000000000E+0000 9.20000000000000E+0002
 6.00000000000000E+0000 9.29000000000000E+0002
 7.00000000000000E+0000 9.36000000000000E+0002
 8.00000000000000E+0000 9.44000000000000E+0002
 9.00000000000000E+0000 9.51000000000000E+0002
 1.00000000000000E+0001 9.59000000000000E+0002
 1.10000000000000E+0001 9.63000000000000E+0002
 1.20000000000000E+0001 9.71000000000000E+0002
 1.30000000000000E+0001 9.77000000000000E+0002
 1.40000000000000E+0001 9.82000000000000E+0002
 1.50000000000000E+0001 9.88000000000000E+0002
 1.60000000000000E+0001 9.93000000000000E+0002
 1.70000000000000E+0001 9.94000000000000E+0002
 1.80000000000000E+0001 9.95000000000000E+0002
 1.90000000000000E+0001 9.97000000000000E+0002
 2.00000000000000E+0001 9.97000000000000E+0002
 2.10000000000000E+0001 9.96000000000000E+0002
 2.20000000000000E+0001 9.94000000000000E+0002
 2.30000000000000E+0001 9.92000000000000E+0002
 2.40000000000000E+0001 9.89000000000000E+0002
 2.50000000000000E+0001 9.84000000000000E+0002
 2.60000000000000E+0001 9.79000000000000E+0002
 2.70000000000000E+0001 9.75000000000000E+0002
 2.80000000000000E+0001 9.69000000000000E+0002
 2.90000000000000E+0001 9.61000000000000E+0002
 3.00000000000000E+0001 9.53000000000000E+0002
 3.10000000000000E+0001 9.47000000000000E+0002
 3.20000000000000E+0001 9.40000000000000E+0002
 3.30000000000000E+0001 9.34000000000000E+0002
 3.40000000000000E+0001 9.27000000000000E+0002
 3.50000000000000E+0001 9.20000000000000E+0002
 3.60000000000000E+0001 9.14000000000000E+0002
 3.70000000000000E+0001 9.08000000000000E+0002
 3.80000000000000E+0001 9.04000000000000E+0002
 3.90000000000000E+0001 8.98000000000000E+0002
 4.00000000000000E+0001 8.95000000000000E+0002
 4.10000000000000E+0001 8.91000000000000E+0002
 4.20000000000000E+0001 8.89000000000000E+0002
 4.30000000000000E+0001 8.87000000000000E+0002
 4.40000000000000E+0001 8.85000000000000E+0002
 4.50000000000000E+0001 8.85000000000000E+0002
 4.60000000000000E+0001 8.87000000000000E+0002
 4.70000000000000E+0001 8.88000000000000E+0002
 4.80000000000000E+0001 8.92000000000000E+0002
 4.90000000000000E+0001 8.95000000000000E+0002
 5.00000000000000E+0001 8.98000000000000E+0002
 5.10000000000000E+0001 9.03000000000000E+0002
 5.20000000000000E+0001 9.08000000000000E+0002
 5.30000000000000E+0001 9.13000000000000E+0002
 5.40000000000000E+0001 9.19000000000000E+0002
 5.50000000000000E+0001 9.25000000000000E+0002
 5.60000000000000E+0001 9.31000000000000E+0002
 5.70000000000000E+0001 9.38000000000000E+0002
 5.80000000000000E+0001 9.45000000000000E+0002
 5.90000000000000E+0001 9.51000000000000E+0002
 6.00000000000000E+0001 9.59000000000000E+0002
 6.10000000000000E+0001 9.62000000000000E+0002
 6.20000000000000E+0001 9.69000000000000E+0002
 6.30000000000000E+0001 9.73000000000000E+0002
 6.40000000000000E+0001 9.77000000000000E+0002
 6.50000000000000E+0001 9.81000000000000E+0002
 6.60000000000000E+0001 9.84000000000000E+0002
 6.70000000000000E+0001 9.85000000000000E+0002
 6.80000000000000E+0001 9.89000000000000E+0002
 6.90000000000000E+0001 9.89000000000001E+0002
 7.00000000000000E+0001 9.88000000000000E+0002
 7.10000000000000E+0001 9.89000000000000E+0002
 7.20000000000000E+0001 9.86000000000000E+0002
 7.30000000000000E+0001 9.84000000000000E+0002
 7.40000000000000E+0001 9.80000000000000E+0002
 7.50000000000000E+0001 9.76000000000000E+0002
 7.60000000000000E+0001 9.73000000000000E+0002
 7.70000000000000E+0001 9.67000000000000E+0002
 7.80000000000000E+0001 9.62000000000000E+0002
 7.90000000000000E+0001 9.56000000000000E+0002
 8.00000000000000E+0001 9.49000000000000E+0002
 8.10000000000000E+0001 9.42000000000000E+0002
 8.20000000000000E+0001 9.36000000000000E+0002
 8.30000000000000E+0001 9.29000000000000E+0002
 8.40000000000000E+0001 9.24000000000000E+0002
 8.50000000000000E+0001 9.17000000000000E+0002
 8.60000000000000E+0001 9.11000000000000E+0002
 8.70000000000000E+0001 9.06000000000000E+0002
 8.80000000000000E+0001 9.01000000000000E+0002
 8.90000000000000E+0001 8.97000000000000E+0002
 9.00000000000000E+0001 8.95000000000000E+0002
 9.10000000000000E+0001 8.92000000000000E+0002
 9.20000000000000E+0001 8.89000000000000E+0002
 9.30000000000000E+0001 8.89000000000000E+0002
 9.40000000000000E+0001 8.89000000000000E+0002
 9.50000000000000E+0001 8.89000000000000E+0002
 9.60000000000000E+0001 8.92000000000000E+0002
 9.70000000000000E+0001 8.94000000000000E+0002
 9.80000000000000E+0001 8.96000000000000E+0002
 9.90000000000000E+0001 9.01000000000000E+0002
 1.00000000000000E+0002 9.06000000000000E+0002
 1.01000000000000E+0002 9.12000000000000E+0002
 1.02000000000000E+0002 9.16000000000000E+0002
 1.03000000000000E+0002 9.23000000000000E+0002
 1.04000000000000E+0002 9.29000000000000E+0002
 1.05000000000000E+0002 9.37000000000000E+0002
 1.06000000000000E+0002 9.42000000000000E+0002
 1.07000000000000E+0002 9.48000000000000E+0002
 1.08000000000000E+0002 9.56000000000000E+0002
 1.09000000000000E+0002 9.61000000000000E+0002
 1.10000000000000E+0002 9.66000000000000E+0002
 1.11000000000000E+0002 9.71000000000000E+0002
 1.12000000000000E+0002 9.76000000000000E+0002
 1.13000000000000E+0002 9.78000000000000E+0002
 1.14000000000000E+0002 9.81000000000000E+0002
 1.15000000000000E+0002 9.84000000000000E+0002
 1.16000000000000E+0002 9.87000000000000E+0002
 1.17000000000000E+0002 9.87000000000000E+0002
 1.18000000000000E+0002 9.86000000000000E+0002
 1.19000000000000E+0002 9.86000000000000E+0002
 1.20000000000000E+0002 9.84000000000000E+0002
 1.21000000000000E+0002 9.81000000000000E+0002
 1.22000000000000E+0002 9.79000000000000E+0002
 1.23000000000000E+0002 9.76000000000000E+0002
 1.24000000000000E+0002 9.72000000000000E+0002
 1.25000000000000E+0002 9.66000000000000E+0002
 1.26000000000000E+0002 9.60000000000000E+0002
 1.27000000000000E+0002 9.52000000000000E+0002
 1.36000000000000E+0002 8.55000000000000E+0002
 1.37000000000000E+0002 8.42000000000000E+0002
 1.38000000000000E+0002 8.32000000000000E+0002
 1.39000000000000E+0002 8.20000000000000E+0002
 1.40000000000000E+0002 8.09000000000000E+0002
 1.41000000000000E+0002 8.00000000000000E+0002
 1.42000000000000E+0002 7.90000000000000E+0002
 1.43000000000000E+0002 7.79000000000000E+0002
 1.44000000000000E+0002 7.72000000000000E+0002
 1.45000000000000E+0002 7.64000000000000E+0002
 1.46000000000000E+0002 7.57000000000000E+0002
 1.47000000000000E+0002 7.51000000000000E+0002
 1.48000000000000E+0002 7.44000000000000E+0002
 1.49000000000000E+0002 7.39000000000000E+0002
 1.50000000000000E+0002 7.36000000000000E+0002
 1.51000000000000E+0002 7.34000000000000E+0002
 1.52000000000000E+0002 7.33000000000000E+0002
 1.53000000000000E+0002 7.33000000000000E+0002
 1.54000000000000E+0002 7.33000000000000E+0002
 1.55000000000000E+0002 7.36000000000000E+0002
 1.56000000000000E+0002 7.37000000000000E+0002
 1.57000000000000E+0002 7.43000000000000E+0002
 1.58000000000000E+0002 7.48000000000000E+0002
 1.59000000000000E+0002 7.53000000000000E+0002
 1.60000000000000E+0002 7.62000000000000E+0002
 1.61000000000000E+0002 7.69000000000000E+0002
 1.62000000000000E+0002 7.75000000000000E+0002
 1.63000000000000E+0002 7.84000000000000E+0002
 1.64000000000000E+0002 7.92000000000000E+0002
 1.65000000000000E+0002 8.01000000000000E+0002
 1.66000000000000E+0002 8.10000000000000E+0002
 1.67000000000000E+0002 8.19000000000000E+0002
 1.68000000000000E+0002 8.28000000000000E+0002
 1.69000000000000E+0002 8.35000000000000E+0002
 1.70000000000000E+0002 8.42000000000000E+0002
 1.71000000000000E+0002 8.48000000000000E+0002
 1.72000000000000E+0002 8.54000000000000E+0002
 1.73000000000000E+0002 8.59000000000000E+0002
 1.74000000000000E+0002 8.62000000000000E+0002
 1.75000000000000E+0002 8.65000000000000E+0002
 1.76000000000000E+0002 8.67000000000000E+0002
 1.77000000000000E+0002 8.68000000000000E+0002
 1.78000000000000E+0002 8.68000000000000E+0002
 1.79000000000000E+0002 8.65000000000000E+0002
 1.80000000000000E+0002 8.64000000000000E+0002
 1.81000000000000E+0002 8.60000000000000E+0002
 1.82000000000000E+0002 8.55000000000000E+0002
 1.83000000000000E+0002 8.50000000000000E+0002
 1.84000000000000E+0002 8.44000000000000E+0002
 1.85000000000000E+0002 8.37000000000000E+0002
 1.86000000000000E+0002 8.29000000000000E+0002
 1.87000000000000E+0002 8.22000000000000E+0002
 1.88000000000000E+0002 8.15000000000000E+0002
 1.89000000000000E+0002 8.05000000000000E+0002
 1.90000000000000E+0002 7.98000000000000E+0002
 1.91000000000000E+0002 7.88000000000000E+0002
 1.92000000000000E+0002 7.81000000000000E+0002
 1.93000000000000E+0002 7.74000000000000E+0002
 1.94000000000000E+0002 7.68000000000000E+0002
 1.95000000000000E+0002 7.62000000000000E+0002
 1.96000000000000E+0002 7.54000000000000E+0002
 1.97000000000000E+0002 7.52000000000000E+0002
 1.98000000000000E+0002 7.47000000000000E+0002
 1.99000000000000E+0002 7.44000000000000E+0002
 2.00000000000000E+0002 7.43000000000000E+0002
 2.01000000000000E+0002 7.43000000000000E+0002
 2.02000000000000E+0002 7.42000000000000E+0002
 2.03000000000000E+0002 7.42000000000000E+0002
 2.04000000000000E+0002 7.44000000000000E+0002
 2.05000000000000E+0002 7.46000000000000E+0002
 2.06000000000000E+0002 7.52000000000000E+0002
 2.07000000000000E+0002 7.56000000000000E+0002
 2.08000000000000E+0002 7.61000000000000E+0002
 2.09000000000000E+0002 7.67000000000000E+0002
 2.10000000000000E+0002 7.73000000000000E+0002
 2.11000000000000E+0002 7.78000000000000E+0002
 2.12000000000000E+0002 7.86000000000000E+0002
 2.13000000000000E+0002 7.93000000000000E+0002
 2.14000000000000E+0002 8.01000000000000E+0002
 2.15000000000000E+0002 8.07000000000000E+0002
 2.16000000000000E+0002 8.16000000000000E+0002
 2.17000000000000E+0002 8.23000000000000E+0002
 2.18000000000000E+0002 8.29000000000000E+0002
 2.19000000000000E+0002 8.35000000000000E+0002
 2.20000000000000E+0002 8.41000000000000E+0002
 2.21000000000000E+0002 8.47000000000000E+0002
 2.22000000000000E+0002 8.50000000000000E+0002
 2.23000000000000E+0002 8.53000000000000E+0002
 2.24000000000000E+0002 8.57000000000000E+0002
 2.25000000000000E+0002 8.59000000000000E+0002
 2.26000000000000E+0002 8.61000000000000E+0002
 2.27000000000000E+0002 8.60000000000000E+0002
 2.28000000000000E+0002 8.60000000000000E+0002
 2.29000000000000E+0002 8.59000000000000E+0002
 2.30000000000000E+0002 8.56000000000000E+0002
 2.31000000000000E+0002 8.52000000000000E+0002
 2.32000000000000E+0002 8.49000000000000E+0002
 2.33000000000000E+0002 8.43000000000000E+0002
 2.34000000000000E+0002 8.38000000000000E+0002
 2.35000000000000E+0002 8.32000000000000E+0002
 2.36000000000000E+0002 8.24000000000000E+0002
 2.37000000000000E+0002 8.19000000000000E+0002
 2.38000000000000E+0002 8.11000000000000E+0002
 2.39000000000000E+0002 8.04000000000000E+0002
 2.40000000000000E+0002 7.97000000000000E+0002
 2.41000000000000E+0002 7.91000000000000E+0002
 2.42000000000000E+0002 7.84000000000000E+0002
 2.43000000000000E+0002 7.76000000000000E+0002
 2.44000000000000E+0002 7.70000000000000E+0002
 2.45000000000000E+0002 7.65000000000000E+0002
 2.46000000000000E+0002 7.61000000000000E+0002
 2.47000000000000E+0002 7.57000000000000E+0002
 2.48000000000000E+0002 7.53000000000000E+0002
 2.49000000000000E+0002 7.52000000000000E+0002
 2.50000000000000E+0002 7.51000000000000E+0002
 2.51000000000000E+0002 7.49000000000000E+0002
 2.52000000000000E+0002 7.51000000000000E+0002
 2.53000000000000E+0002 7.51000000000000E+0002
 2.54000000000000E+0002 7.52000000000000E+0002
 2.55000000000000E+0002 7.55000000000000E+0002
 2.56000000000000E+0002 7.58000000000000E+0002
 2.57000000000000E+0002 7.64000000000000E+0002
 2.58000000000000E+0002 7.69000000000000E+0002
 2.59000000000000E+0002 7.73000000000000E+0002
 2.60000000000000E+0002 7.78000000000000E+0002
 2.61000000000000E+0002 7.84000000000000E+0002
 2.62000000000000E+0002 7.91000000000000E+0002
 2.63000000000000E+0002 7.98000000000000E+0002
 2.64000000000000E+0002 8.03000000000000E+0002
 2.65000000000000E+0002 8.11000000000000E+0002
 2.66000000000000E+0002 8.17000000000000E+0002
 2.67000000000000E+0002 8.22000000000000E+0002
 2.68000000000000E+0002 8.28000000000000E+0002
 2.69000000000000E+0002 8.33000000000000E+0002
 2.70000000000000E+0002 8.38000000000000E+0002
 2.71000000000000E+0002 8.44000000000000E+0002
 2.72000000000000E+0002 8.48000000000000E+0002
 2.73000000000000E+0002 8.49000000000000E+0002
