 1.00000000000000E+0000 9.95000000000000E+0002
 3.01000000000000E+0002 9.94000000000000E+0002
 6.01000000000000E+0002 9.91000000000000E+0002
 9.01000000000000E+0002 9.86000000000000E+0002
 1.20100000000000E+0003 9.80000000000000E+0002
 1.50100000000000E+0003 9.74000000000000E+0002
 1.80100000000000E+0003 9.66000000000000E+0002
 2.10100000000000E+0003 9.58000000000000E+0002
 2.40100000000000E+0003 9.49000000000000E+0002
 2.70100000000000E+0003 9.39000000000000E+0002
 3.00100000000000E+0003 9.30000000000000E+0002
 3.30100000000000E+0003 9.20000000000000E+0002
 3.60100000000000E+0003 9.11000000000000E+0002
 3.90100000000000E+0003 9.02000000000000E+0002
 4.20100000000000E+0003 8.93000000000000E+0002
 4.50100000000000E+0003 8.86000000000000E+0002
 4.80100000000000E+0003 8.78000000000000E+0002
 5.10100000000000E+0003 8.73000000000000E+0002
 5.40100000000000E+0003 8.68000000000000E+0002
 5.70100000000000E+0003 8.64000000000000E+0002
 6.00100000000000E+0003 8.62000000000000E+0002
 6.30100000000000E+0003 8.61000000000000E+0002
 6.60100000000000E+0003 8.61000000000000E+0002
 6.90100000000000E+0003 8.62000000000000E+0002
 7.20100000000000E+0003 8.64000000000000E+0002
 7.50100000000000E+0003 8.68000000000000E+0002
 7.80100000000000E+0003 8.73000000000000E+0002
 8.10100000000000E+0003 8.78000000000000E+0002
 8.40100000000000E+0003 8.85000000000000E+0002
 8.70100000000000E+0003 8.94000000000000E+0002
 9.00100000000000E+0003 9.02000000000000E+0002
 9.30100000000000E+0003 9.12000000000000E+0002
 9.60100000000000E+0003 9.20000000000000E+0002
 9.90100000000000E+0003 9.30000000000000E+0002
 1.02010000000000E+0004 9.39000000000000E+0002
 1.05010000000000E+0004 9.47000000000000E+0002
 1.08010000000000E+0004 9.55000000000000E+0002
 1.11010000000000E+0004 9.63000000000000E+0002
 1.14010000000000E+0004 9.70000000000000E+0002
 1.17010000000000E+0004 9.76000000000000E+0002
 1.20010000000000E+0004 9.81000000000000E+0002
 1.23010000000000E+0004 9.85000000000000E+0002
 1.26010000000000E+0004 9.88000000000000E+0002
 1.29010000000000E+0004 9.90000000000000E+0002
 1.32010000000000E+0004 9.92000000000000E+0002
 1.35010000000000E+0004 9.94000000000000E+0002
 1.38010000000000E+0004 9.96000000000000E+0002
 1.41010000000000E+0004 9.96000000000000E+0002
 1.44010000000000E+0004 9.94000000000000E+0002
 1.47010000000000E+0004 9.93000000000000E+0002
 1.50010000000000E+0004 9.90000000000000E+0002
 1.53010000000000E+0004 9.84000000000000E+0002
 1.56010000000000E+0004 9.80000000000000E+0002
 1.59010000000000E+0004 9.74000000000000E+0002
 1.62010000000000E+0004 9.67000000000000E+0002
 1.65010000000000E+0004 9.59000000000000E+0002
 1.68010000000000E+0004 9.50000000000000E+0002
 1.71010000000000E+0004 9.42000000000000E+0002
 1.74010000000000E+0004 9.32000000000000E+0002
 1.77010000000000E+0004 9.24000000000000E+0002
 1.80010000000000E+0004 9.15000000000000E+0002
 1.83010000000000E+0004 9.07000000000000E+0002
 1.86010000000000E+0004 8.98000000000000E+0002
 1.89010000000000E+0004 8.90000000000000E+0002
 1.92010000000000E+0004 8.83000000000000E+0002
 1.95010000000000E+0004 8.77000000000000E+0002
 1.98010000000000E+0004 8.72000000000000E+0002
 2.01010000000000E+0004 8.68000000000000E+0002
 2.04010000000000E+0004 8.65000000000000E+0002
 2.07010000000000E+0004 8.64000000000000E+0002
 2.10010000000000E+0004 8.62000000000000E+0002
 2.13010000000000E+0004 8.64000000000000E+0002
 2.16010000000000E+0004 8.65000000000000E+0002
 2.19010000000000E+0004 8.68000000000000E+0002
 2.22010000000000E+0004 8.72000000000000E+0002
 2.25010000000000E+0004 8.78000000000000E+0002
 2.28010000000000E+0004 8.84000000000000E+0002
 2.31010000000000E+0004 8.92000000000000E+0002
 2.34010000000000E+0004 8.98000000000000E+0002
 2.37010000000000E+0004 9.07000000000000E+0002
 2.40010000000000E+0004 9.16000000000000E+0002
 2.43010000000000E+0004 9.24000000000000E+0002
 2.46010000000000E+0004 9.34000000000000E+0002
 2.49010000000000E+0004 9.42000000000000E+0002
 2.52010000000000E+0004 9.49000000000000E+0002
 2.55010000000000E+0004 9.58000000000000E+0002
 2.58010000000000E+0004 9.66000000000000E+0002
 2.61010000000000E+0004 9.72000000000000E+0002
 2.64010000000000E+0004 9.78000000000000E+0002
 2.67010000000000E+0004 9.82000000000000E+0002
 2.70010000000000E+0004 9.86000000000000E+0002
 2.73010000000000E+0004 9.88000000000000E+0002
 2.76010000000000E+0004 9.91000000000000E+0002
 2.79010000000000E+0004 9.91000000000000E+0002
 2.82010000000000E+0004 9.90000000000000E+0002
 2.85010000000000E+0004 9.88000000000000E+0002
 2.88010000000000E+0004 9.85000000000000E+0002
 2.91010000000000E+0004 9.81000000000000E+0002
 2.94010000000000E+0004 9.76000000000000E+0002
 2.97010000000000E+0004 9.70000000000000E+0002
 3.00010000000000E+0004 9.63000000000000E+0002
 3.03010000000000E+0004 9.56000000000000E+0002
 3.06010000000000E+0004 9.49000000000000E+0002
 3.09010000000000E+0004 9.40000000000000E+0002
 3.12010000000000E+0004 9.32000000000000E+0002
 3.15010000000000E+0004 9.24000000000000E+0002
 3.18010000000000E+0004 9.16000000000000E+0002
 3.21010000000000E+0004 9.08000000000000E+0002
 3.24010000000000E+0004 9.01000000000000E+0002
 3.27010000000000E+0004 8.96000000000000E+0002
 3.30010000000000E+0004 8.90000000000000E+0002
 3.33010000000000E+0004 8.84000000000000E+0002
 3.36010000000000E+0004 8.80000000000000E+0002
 3.39010000000000E+0004 8.77000000000000E+0002
 3.42010000000000E+0004 8.75000000000000E+0002
 3.45010000000000E+0004 8.74000000000000E+0002
 3.48010000000000E+0004 8.74000000000000E+0002
 3.51010000000000E+0004 8.74000000000000E+0002
 3.54010000000000E+0004 8.76000000000000E+0002
 3.57010000000000E+0004 8.79000000000000E+0002
 3.60010000000000E+0004 8.83000000000000E+0002
 3.63010000000000E+0004 8.87000000000000E+0002
 3.66010000000000E+0004 8.92000000000000E+0002
 3.69010000000000E+0004 8.98000000000000E+0002
 3.72010000000000E+0004 9.04000000000000E+0002
 3.75010000000000E+0004 9.12000000000000E+0002
 3.78010000000000E+0004 9.18000000000000E+0002
 3.81010000000000E+0004 9.26000000000000E+0002
 3.84010000000000E+0004 9.34000000000000E+0002
 3.87010000000000E+0004 9.41000000000000E+0002
 3.90010000000000E+0004 9.48000000000000E+0002
 3.93010000000000E+0004 9.54000000000000E+0002
 3.96010000000000E+0004 9.60000000000000E+0002
 3.99010000000000E+0004 9.65000000000000E+0002
 4.02010000000000E+0004 9.69000000000000E+0002
 4.05010000000000E+0004 9.71000000000000E+0002
 4.08010000000000E+0004 9.74000000000000E+0002
 4.11010000000000E+0004 9.73000000000000E+0002
 4.14010000000000E+0004 9.73000000000000E+0002
 4.38010000000000E+0004 9.07000000000000E+0002
 4.41010000000000E+0004 8.94000000000000E+0002
 4.44010000000000E+0004 8.80000000000000E+0002
 4.47010000000000E+0004 8.66000000000000E+0002
 4.50010000000000E+0004 8.52000000000000E+0002
 4.53010000000000E+0004 8.37000000000000E+0002
 4.56010000000000E+0004 8.23000000000000E+0002
 4.59010000000000E+0004 8.09000000000000E+0002
 4.62010000000000E+0004 7.96000000000000E+0002
 4.65010000000000E+0004 7.82000000000000E+0002
 4.68010000000000E+0004 7.70000000000000E+0002
 4.71010000000000E+0004 7.59000000000000E+0002
 4.74010000000000E+0004 7.49000000000000E+0002
 4.77010000000000E+0004 7.40000000000000E+0002
 4.80010000000000E+0004 7.34000000000000E+0002
 4.83010000000000E+0004 7.28000000000000E+0002
 4.86010000000000E+0004 7.24000000000000E+0002
 4.89010000000000E+0004 7.23000000000000E+0002
 4.92010000000000E+0004 7.23000000000000E+0002
 4.95010000000000E+0004 7.25000000000000E+0002
 4.98010000000000E+0004 7.29000000000000E+0002
 5.01010000000000E+0004 7.34000000000000E+0002
 5.04010000000000E+0004 7.40000000000000E+0002
 5.07010000000000E+0004 7.48000000000000E+0002
 5.10010000000000E+0004 7.58000000000000E+0002
 5.13010000000000E+0004 7.68000000000000E+0002
 5.16010000000000E+0004 7.79000000000000E+0002
 5.19010000000000E+0004 7.90000000000000E+0002
 5.22010000000000E+0004 8.02000000000000E+0002
 5.25010000000000E+0004 8.15000000000000E+0002
 5.28010000000000E+0004 8.27000000000000E+0002
 5.31010000000000E+0004 8.39000000000000E+0002
 5.34010000000000E+0004 8.51000000000000E+0002
 5.37010000000000E+0004 8.62000000000000E+0002
 5.40010000000000E+0004 8.72000000000000E+0002
 5.43010000000000E+0004 8.80000000000000E+0002
 5.46010000000000E+0004 8.88000000000000E+0002
 5.49010000000000E+0004 8.95000000000000E+0002
 5.52010000000000E+0004 8.99000000000000E+0002
 5.55010000000000E+0004 9.02000000000000E+0002
 5.58010000000000E+0004 9.04000000000000E+0002
 5.61010000000000E+0004 9.04000000000000E+0002
 5.64010000000000E+0004 9.02000000000000E+0002
 5.67010000000000E+0004 8.98000000000000E+0002
 5.70010000000000E+0004 8.90000000000000E+0002
 5.73010000000000E+0004 8.80000000000000E+0002
 5.76010000000000E+0004 8.69000000000000E+0002
 5.79010000000000E+0004 8.57000000000000E+0002
 5.82010000000000E+0004 8.44000000000000E+0002
 5.85010000000000E+0004 8.30000000000000E+0002
 5.88010000000000E+0004 8.17000000000000E+0002
 5.91010000000000E+0004 8.04000000000000E+0002
 5.94010000000000E+0004 7.90000000000000E+0002
 5.97010000000000E+0004 7.78000000000000E+0002
 6.00010000000000E+0004 7.66000000000000E+0002
 6.03010000000000E+0004 7.56000000000000E+0002
 6.06010000000000E+0004 7.46000000000000E+0002
 6.09010000000000E+0004 7.38000000000000E+0002
 6.12010000000000E+0004 7.30000000000000E+0002
 6.15010000000000E+0004 7.25000000000000E+0002
 6.18010000000000E+0004 7.21000000000000E+0002
 6.21010000000000E+0004 7.20000000000000E+0002
 6.24010000000000E+0004 7.20000000000000E+0002
 6.27010000000000E+0004 7.20000000000000E+0002
 6.30010000000000E+0004 7.24000000000000E+0002
 6.33010000000000E+0004 7.30000000000000E+0002
 6.36010000000000E+0004 7.36000000000000E+0002
 6.39010000000000E+0004 7.44000000000000E+0002
 6.42010000000000E+0004 7.54000000000000E+0002
 6.45010000000000E+0004 7.64000000000000E+0002
 6.48010000000000E+0004 7.74000000000000E+0002
 6.51010000000000E+0004 7.86000000000000E+0002
 6.54010000000000E+0004 7.99000000000000E+0002
 6.57010000000000E+0004 8.12000000000000E+0002
 6.60010000000000E+0004 8.24000000000000E+0002
 6.63010000000000E+0004 8.36000000000000E+0002
 6.66010000000000E+0004 8.48000000000000E+0002
 6.69010000000000E+0004 8.59000000000000E+0002
 6.72010000000000E+0004 8.70000000000000E+0002
 6.75010000000000E+0004 8.79000000000000E+0002
 6.78010000000000E+0004 8.87000000000000E+0002
 6.81010000000000E+0004 8.94000000000000E+0002
 6.84010000000000E+0004 8.98000000000000E+0002
 6.87010000000000E+0004 9.02000000000000E+0002
 6.90010000000000E+0004 9.04000000000000E+0002
 6.93010000000000E+0004 9.04000000000000E+0002
