0.0000000E+0	-1.7245301E-2
5.7663250E-1	-1.8325635E-2
1.1505513E+0	-1.8978493E-2
1.7245350E+0	-1.9899571E-2
2.2976112E+0	-2.0711684E-2
2.8732204E+0	-2.1210873E-2
3.4471555E+0	-2.1013433E-2
4.0221233E+0	-2.0886773E-2
4.5966449E+0	-2.0529145E-2
5.1702390E+0	-2.0482579E-2
5.7452016E+0	-2.0651148E-2
6.3197513E+0	-2.0803885E-2
6.8927693E+0	-2.1153131E-2
7.4673538E+0	-2.1719375E-2
8.0429430E+0	-2.2559428E-2
8.6168308E+0	-2.3248607E-2
9.1898260E+0	-2.3686328E-2
9.7651744E+0	-2.3757109E-2
1.0338830E+1	-2.3870730E-2
1.0912057E+1	-2.3906121E-2
1.1486369E+1	-2.3659320E-2
1.2060190E+1	-2.3368747E-2
1.2644583E+1	-2.3376198E-2
1.3218797E+1	-2.3595990E-2
1.3794119E+1	-2.4290757E-2
1.4367644E+1	-2.4840237E-2
1.4939769E+1	-2.4938026E-2
1.5513299E+1	-2.5230461E-2
1.6086347E+1	-2.5673771E-2
1.6660225E+1	-2.6214869E-2
1.7234744E+1	-2.7102420E-2
1.7808744E+1	-2.8291719E-2
1.8382920E+1	-2.9362740E-2
1.8956764E+1	-3.0161815E-2
1.9532072E+1	-3.0581841E-2
2.0105323E+1	-3.0176716E-2
2.0678796E+1	-2.9345976E-2
2.1252509E+1	-2.8947370E-2
2.1826816E+1	-2.9045159E-2
2.2400806E+1	-2.9217454E-2
2.2976815E+1	-2.9757621E-2
2.3551138E+1	-3.0857513E-2
2.4125311E+1	-3.2070095E-2
2.4698834E+1	-3.3226797E-2
2.5274336E+1	-3.4067782E-2
2.5848499E+1	-3.4551138E-2
2.6422675E+1	-3.4687111E-2
2.6996149E+1	-3.4723433E-2
2.7570199E+1	-3.4309926E-2
2.8144476E+1	-3.3638442E-2
2.8718802E+1	-3.2544138E-2
2.9293808E+1	-3.0735509E-2
2.9867824E+1	-2.8930606E-2
3.0442533E+1	-2.8208831E-2
3.1015604E+1	-2.7881937E-2
3.1588852E+1	-2.7275646E-2
3.2165024E+1	-2.6543626E-2
3.2736811E+1	-2.6091003E-2
3.3310436E+1	-2.6626514E-2
3.3885148E+1	-2.7644450E-2
3.4458800E+1	-2.9197896E-2
3.5032025E+1	-3.0865895E-2
3.5604909E+1	-3.2534825E-2
3.6177608E+1	-3.4093859E-2
3.6752138E+1	-3.5849402E-2
3.7327122E+1	-3.7787484E-2
3.7902198E+1	-3.9661306E-2
3.8476512E+1	-4.1442926E-2
3.9051493E+1	-4.3032693E-2
3.9625526E+1	-4.4243413E-2
4.0198804E+1	-4.4839459E-2
4.0773941E+1	-4.4926072E-2
4.1346834E+1	-4.4981952E-2
4.1920868E+1	-4.4940974E-2
4.2495397E+1	-4.4681135E-2
4.3068608E+1	-4.4705349E-2
4.3642767E+1	-4.5197087E-2
4.4217762E+1	-4.6012926E-2
4.4792035E+1	-4.6675096E-2
4.5365098E+1	-4.7110955E-2
4.5938850E+1	-4.7406185E-2
4.6512912E+1	-4.7544020E-2
4.7087079E+1	-4.7789889E-2
4.7662095E+1	-4.7797340E-2
4.8236471E+1	-4.7681856E-2
4.8811215E+1	-4.7518875E-2
4.9385422E+1	-4.7964978E-2
4.9957715E+1	-4.8286284E-2
5.0531367E+1	-4.9105848E-2
5.1104070E+1	-5.0017613E-2
5.1677531E+1	-5.0619248E-2
5.2248764E+1	-5.1029030E-2
5.2823393E+1	-5.0969425E-2
5.3397425E+1	-5.0940554E-2
5.3972067E+1	-5.0952661E-2
5.4547009E+1	-5.1734041E-2
5.5121166E+1	-5.3163621E-2
5.5696815E+1	-5.4478649E-2
5.6269921E+1	-5.5431392E-2
5.6844273E+1	-5.5820684E-2
5.7417260E+1	-5.5676329E-2
5.7990435E+1	-5.5526387E-2
5.8555227E+1	-5.5219981E-2
5.9129064E+1	-5.5223707E-2
5.9705692E+1	-5.4050240E-2
6.0280229E+1	-4.9510974E-2
6.0854805E+1	-4.6622942E-2
6.1429665E+1	-4.5309777E-2
6.2004047E+1	-4.5458789E-2
6.2577414E+1	-4.6120959E-2
6.3151484E+1	-4.5496973E-2
6.3724108E+1	-4.3044801E-2
6.4298845E+1	-4.1511844E-2
6.4874375E+1	-3.9003792E-2
6.5446759E+1	-3.6516229E-2
6.6020607E+1	-3.7151391E-2
6.6595529E+1	-3.8571658E-2
6.7168972E+1	-3.9766545E-2
6.7744071E+1	-4.1002410E-2
6.8318804E+1	-4.2016620E-2
6.8892829E+1	-4.2486938E-2
6.9467778E+1	-4.2611736E-2
7.0041901E+1	-4.2714181E-2
7.0616678E+1	-4.2348171E-2
7.1190898E+1	-4.1656199E-2
7.1764485E+1	-4.0926973E-2
7.2337793E+1	-4.0877613E-2
7.2910946E+1	-4.0953050E-2
7.3486797E+1	-4.0876682E-2
7.4060215E+1	-4.0250833E-2
7.4635507E+1	-3.9180743E-2
7.5211175E+1	-3.7732536E-2
7.5786123E+1	-3.3788385E-2
7.6359311E+1	-3.0304307E-2
7.6934499E+1	-3.2564627E-2
7.7507428E+1	-3.6903659E-2
7.8081208E+1	-4.2267146E-2
7.8655728E+1	-4.7172423E-2
7.9228818E+1	-5.0981532E-2
7.9803724E+1	-5.3899366E-2
8.0377866E+1	-5.3390864E-2
8.0950662E+1	-5.2693303E-2
8.1524692E+1	-4.8305842E-2
8.2097797E+1	-3.8196335E-2
8.2672786E+1	-3.0328521E-2
8.3246574E+1	-2.8623270E-2
8.3820689E+1	-2.9060991E-2
8.4395410E+1	-2.8477983E-2
8.4970237E+1	-2.6012772E-2
8.5543137E+1	-2.4872833E-2
8.6115889E+1	-1.6356819E-2
8.6691206E+1	-7.8603630E-4
8.7264478E+1	7.8957533E-3
8.7837724E+1	1.2890437E-2
8.8412866E+1	1.3236889E-2
8.8986817E+1	1.1603349E-2
8.9561226E+1	9.3495479E-3
9.0135428E+1	6.2184412E-3
9.0708860E+1	1.4761464E-3
9.1284115E+1	-4.2766335E-3
9.1858804E+1	-1.0223129E-2
9.2433207E+1	-1.5995466E-2
9.3006761E+1	-2.1386893E-2
9.3582554E+1	-2.6640484E-2
9.4155785E+1	-3.1502919E-2
9.4730236E+1	-3.6031010E-2
9.5305761E+1	-4.0090645E-2
9.5882123E+1	-4.3868090E-2
9.6456758E+1	-4.7738667E-2
9.7031188E+1	-5.2048828E-2
9.7606061E+1	-5.6837689E-2
9.8179140E+1	-6.1719682E-2
9.8754909E+1	-6.5827746E-2
9.9328738E+1	-6.9125560E-2
9.9903950E+1	-7.1567488E-2
1.0047799E+2	-7.3567037E-2
1.0105086E+2	-7.4940738E-2
1.0162425E+2	-7.5818975E-2
1.0219947E+2	-7.6532368E-2
1.0277671E+2	-7.7469279E-2
1.0335060E+2	-8.0042523E-2
1.0392765E+2	-8.4102159E-2
1.0449264E+2	-8.9562503E-2
1.0506684E+2	-9.6449634E-2
1.0564122E+2	-1.0399242E-1
1.0621512E+2	-1.1170470E-1
1.0679065E+2	-1.1879020E-1
1.0736600E+2	-1.2516417E-1
1.0793893E+2	-1.3152138E-1
1.0851240E+2	-1.3801643E-1
1.0908534E+2	-1.4449098E-1
1.0965882E+2	-1.5052595E-1
1.1023399E+2	-1.5632995E-1
1.1080743E+2	-1.6332605E-1
1.1138361E+2	-1.7139875E-1
1.1195737E+2	-1.7937367E-1
1.1252297E+2	-1.8631575E-1
1.1309641E+2	-1.9265619E-1
1.1366887E+2	-1.9840432E-1
1.1424478E+2	-2.0378550E-1
1.1481919E+2	-2.0886586E-1
1.1539359E+2	-2.1361933E-1
1.1596736E+2	-2.1833462E-1
1.1653973E+2	-2.2293629E-1
1.1711396E+2	-2.2732282E-1
1.1768756E+2	-2.3109374E-1
1.1826364E+2	-2.3419877E-1
1.1883764E+2	-2.3679250E-1
1.1941201E+2	-2.3908170E-1
1.1998676E+2	-2.4150500E-1
1.2056209E+2	-2.4429990E-1
1.2113663E+2	-2.4763217E-1
1.2171091E+2	-2.5099983E-1
1.2228294E+2	-2.5393350E-1
1.2285570E+2	-2.5620499E-1
1.2343093E+2	-2.5801735E-1
1.2400776E+2	-2.5917498E-1
1.2458069E+2	-2.5971515E-1
1.2515566E+2	-2.5962574E-1
1.2572992E+2	-2.5913307E-1
1.2630339E+2	-2.5887416E-1
1.2687749E+2	-2.5951584E-1
1.2745204E+2	-2.6156941E-1
1.2803440E+2	-2.6485512E-1
1.2860666E+2	-2.6891103E-1
1.2917964E+2	-2.7408732E-1
1.2975462E+2	-2.8073789E-1
1.3033024E+2	-2.8789045E-1
1.3090648E+2	-2.9467141E-1
1.3148041E+2	-3.0043630E-1
1.3205448E+2	-3.0617604E-1
1.3262880E+2	-3.1267015E-1
1.3320478E+2	-3.1977335E-1
1.3377885E+2	-3.2683184E-1
1.3435415E+2	-3.3296460E-1
1.3492753E+2	-3.3782611E-1
1.3550109E+2	-3.4205804E-1
1.3607676E+2	-3.4698846E-1
1.3665074E+2	-3.5243670E-1
1.3722505E+2	-3.5820997E-1
1.3780086E+2	-3.6383329E-1
1.3837517E+2	-3.6911203E-1
1.3894875E+2	-3.7389437E-1
1.3952283E+2	-3.7818591E-1
1.4009644E+2	-3.8262925E-1
1.4067020E+2	-3.8783720E-1
1.4124555E+2	-3.9377159E-1
1.4182018E+2	-4.0057863E-1
1.4239436E+2	-4.0776564E-1
1.4296755E+2	-4.1494148E-1
1.4354194E+2	-4.2137692E-1
1.4411541E+2	-4.2681399E-1
1.4469171E+2	-4.3118003E-1
1.4526609E+2	-4.3469111E-1
1.4584258E+2	-4.3717309E-1
1.4641493E+2	-4.3880104E-1
1.4698885E+2	-4.3973795E-1
1.4756286E+2	-4.4031071E-1
1.4813681E+2	-4.4076240E-1
1.4870880E+2	-4.4177661E-1
1.4928278E+2	-4.4369886E-1
1.4985785E+2	-4.4693428E-1
1.5043391E+2	-4.5047051E-1
1.5100959E+2	-4.5425075E-1
1.5158470E+2	-4.5695717E-1
1.5215771E+2	-4.5968688E-1
1.5273360E+2	-4.6194720E-1
1.5330770E+2	-4.6444221E-1
1.5388428E+2	-4.6739078E-1
1.5445877E+2	-4.7094191E-1
1.5503398E+2	-4.7482460E-1
1.5560763E+2	-4.7861415E-1
1.5618385E+2	-4.8213548E-1
1.5675726E+2	-4.8623144E-1
1.5733116E+2	-4.9035627E-1
1.5790543E+2	-4.9552418E-1
1.5848073E+2	-4.9939196E-1
1.5905518E+2	-5.0242714E-1
1.5962816E+2	-5.0491284E-1
1.6020108E+2	-5.0736781E-1
1.6077339E+2	-5.1005746E-1
1.6134682E+2	-5.1267169E-1
1.6192143E+2	-5.1519464E-1
1.6249507E+2	-5.1745589E-1
1.6306880E+2	-5.1956441E-1
1.6364429E+2	-5.2171017E-1
1.6421765E+2	-5.2416514E-1
1.6479504E+2	-5.2687063E-1
1.6536879E+2	-5.3010977E-1
1.6594419E+2	-5.3342901E-1
1.6651604E+2	-5.3630772E-1
1.6708873E+2	-5.3872264E-1
1.6766186E+2	-5.4116550E-1
1.6823683E+2	-5.4384212E-1
1.6881125E+2	-5.4674599E-1
1.6938683E+2	-5.4960142E-1
1.6996086E+2	-5.5207967E-1
1.7053521E+2	-5.5420123E-1
1.7110729E+2	-5.5566154E-1
1.7168106E+2	-5.5657330E-1
1.7225561E+2	-5.5710788E-1
1.7282872E+2	-5.5722802E-1
1.7340288E+2	-5.5730346E-1
1.7398771E+2	-5.5717494E-1
1.7456372E+2	-5.5660963E-1
1.7513782E+2	-5.5581428E-1
1.7571203E+2	-5.5449646E-1
1.7628465E+2	-5.5323172E-1
1.7685847E+2	-5.5175837E-1
1.7743282E+2	-5.5047314E-1
1.7800682E+2	-5.4948221E-1
1.7858090E+2	-5.4917860E-1
1.7915556E+2	-5.4944496E-1
1.7973055E+2	-5.5006150E-1
1.8030551E+2	-5.5108409E-1
1.8087963E+2	-5.5218491E-1
1.8145526E+2	-5.5341705E-1
1.8202772E+2	-5.5447038E-1
1.8260106E+2	-5.5555444E-1
1.8317475E+2	-5.5684991E-1
1.8374744E+2	-5.5834282E-1
1.8432110E+2	-5.6012351E-1
1.8489502E+2	-5.6198336E-1
1.8546858E+2	-5.6381806E-1
1.8604403E+2	-5.6551121E-1
1.8661682E+2	-5.6675918E-1
1.8718930E+2	-5.6791402E-1
1.8776307E+2	-5.6920111E-1
1.8833782E+2	-5.7086445E-1
1.8891018E+2	-5.7283792E-1
1.8948579E+2	-5.7424608E-1
1.9005966E+2	-5.7493712E-1
1.9063419E+2	-5.7497717E-1
1.9120762E+2	-5.7427961E-1
1.9178101E+2	-5.7361744E-1
1.9235291E+2	-5.7283699E-1
1.9292676E+2	-5.7216737E-1
1.9350057E+2	-5.7142883E-1
1.9407575E+2	-5.7079088E-1
1.9464885E+2	-5.6984000E-1
1.9522470E+2	-5.6870937E-1
1.9579884E+2	-5.6744836E-1
1.9637090E+2	-5.6645929E-1
1.9694652E+2	-5.6635126E-1
1.9752040E+2	-5.6763742E-1
1.9809682E+2	-5.7053290E-1
1.9867090E+2	-5.7468846E-1
1.9924647E+2	-5.7935811E-1
1.9982072E+2	-5.8402870E-1
2.0039512E+2	-5.8812372E-1
2.0096871E+2	-5.9155285E-1
2.0154293E+2	-5.9441015E-1
2.0211743E+2	-5.9744906E-1
2.0269290E+2	-6.0074221E-1
2.0326836E+2	-6.0383048E-1
2.0384378E+2	-6.0660209E-1
2.0441623E+2	-6.0935136E-1
2.0499127E+2	-6.1285686E-1
2.0556491E+2	-6.1686993E-1
2.0614018E+2	-6.2011000E-1
2.0671476E+2	-6.2322807E-1
2.0728772E+2	-6.2703718E-1
2.0786243E+2	-6.3163791E-1
2.0843417E+2	-6.3618835E-1
2.0900808E+2	-6.4046592E-1
2.0958122E+2	-6.4434115E-1
2.1015646E+2	-6.4763710E-1
2.1073111E+2	-6.4989556E-1
2.1130565E+2	-6.5112863E-1
2.1188025E+2	-6.5124318E-1
2.1245493E+2	-6.5046366E-1
2.1302878E+2	-6.4887390E-1
2.1360529E+2	-6.4691812E-1
2.1417860E+2	-6.4504150E-1
2.1475269E+2	-6.4357001E-1
2.1532615E+2	-6.4267036E-1
2.1590033E+2	-6.4200353E-1
2.1647479E+2	-6.4149316E-1
2.1704776E+2	-6.4058792E-1
2.1762296E+2	-6.3909315E-1
2.1819717E+2	-6.3703585E-1
2.1877386E+2	-6.3532315E-1
2.1934746E+2	-6.3447844E-1
2.1992140E+2	-6.3454270E-1
2.2049571E+2	-6.3529614E-1
2.2106776E+2	-6.3654039E-1
2.2164286E+2	-6.3847661E-1
2.2221680E+2	-6.4086359E-1
2.2279052E+2	-6.4350482E-1
2.2336532E+2	-6.4597283E-1
2.2393886E+2	-6.4840078E-1
2.2451292E+2	-6.5077659E-1
2.2508684E+2	-6.5298010E-1
2.2565962E+2	-6.5499921E-1
2.2623414E+2	-6.5666720E-1
2.2680869E+2	-6.5812379E-1
2.2738290E+2	-6.5931309E-1
2.2795489E+2	-6.6012614E-1
2.2852780E+2	-6.6098761E-1
2.2910209E+2	-6.6190496E-1
2.2967671E+2	-6.6262115E-1
2.3025164E+2	-6.6321161E-1
2.3082570E+2	-6.6388682E-1
2.3140141E+2	-6.6454992E-1
2.3197513E+2	-6.6526518E-1
2.3254774E+2	-6.6558928E-1
2.3312304E+2	-6.6563957E-1
2.3369510E+2	-6.6641722E-1
2.3426809E+2	-6.6811968E-1
2.3484296E+2	-6.6997580E-1
2.3541645E+2	-6.7216348E-1
2.3599204E+2	-6.7511577E-1
2.3656671E+2	-6.7845457E-1
2.3714023E+2	-6.8194703E-1
2.3771435E+2	-6.8600573E-1
2.3828676E+2	-6.9064930E-1
2.3886195E+2	-6.9518950E-1
2.3943676E+2	-6.9902003E-1
2.4001284E+2	-7.0210364E-1
2.4058682E+2	-7.0457817E-1
2.4116049E+2	-7.0670438E-1
2.4173656E+2	-7.0854001E-1
2.4230908E+2	-7.0994445E-1
2.4288285E+2	-7.1088508E-1
2.4345676E+2	-7.1136565E-1
2.4404234E+2	-7.1140849E-1
2.4461683E+2	-7.1084876E-1
2.4518928E+2	-7.0971627E-1
2.4576646E+2	-7.0781451E-1
2.4633884E+2	-7.0540611E-1
2.4691451E+2	-7.0264567E-1
2.4748872E+2	-6.9966078E-1
2.4806309E+2	-6.9674854E-1
2.4863677E+2	-6.9420509E-1
2.4921022E+2	-6.9238156E-1
2.4978508E+2	-6.9097247E-1
2.5035769E+2	-6.8967700E-1
2.5093162E+2	-6.8838619E-1
2.5150641E+2	-6.8758712E-1
2.5207921E+2	-6.8731424E-1
2.5265446E+2	-6.8793916E-1
2.5322871E+2	-6.8972543E-1
2.5380287E+2	-6.9291056E-1
2.5437774E+2	-6.9684539E-1
2.5495163E+2	-7.0093297E-1
2.5552534E+2	-7.0425686E-1
2.5609783E+2	-7.0697260E-1
2.5667188E+2	-7.0907832E-1
2.5724675E+2	-7.1068578E-1
2.5782014E+2	-7.1196821E-1
2.5839441E+2	-7.1340524E-1
2.5896885E+2	-7.1544111E-1
2.5954285E+2	-7.1837199E-1
2.6011634E+2	-7.2214477E-1
2.6069026E+2	-7.2608241E-1
2.6126357E+2	-7.2973319E-1
2.6183760E+2	-7.3259049E-1
2.6240193E+2	-7.3474929E-1
2.6297679E+2	-7.3667341E-1
2.6355074E+2	-7.3826597E-1
2.6412403E+2	-7.3938449E-1
2.6469548E+2	-7.3991720E-1
2.6527022E+2	-7.4000102E-1
2.6584560E+2	-7.3944223E-1
2.6642113E+2	-7.3845689E-1
2.6699529E+2	-7.3727690E-1
2.6756963E+2	-7.3570204E-1
2.6814487E+2	-7.3375278E-1
2.6871883E+2	-7.3151481E-1
2.6929401E+2	-7.2931223E-1
2.6986885E+2	-7.2723725E-1
2.7044423E+2	-7.2544166E-1
2.7101886E+2	-7.2367587E-1
2.7159391E+2	-7.2195665E-1
2.7216681E+2	-7.2011263E-1
2.7273879E+2	-7.1812798E-1
2.7331282E+2	-7.1605299E-1
2.7388758E+2	-7.1388487E-1
2.7446080E+2	-7.1165156E-1
2.7503676E+2	-7.0934002E-1
2.7561026E+2	-7.0689995E-1
2.7618569E+2	-7.0399981E-1
2.7676129E+2	-7.0109223E-1
2.7733602E+2	-6.9841095E-1
2.7790965E+2	-6.9647193E-1
2.7848415E+2	-6.9538881E-1
2.7905882E+2	-6.9523979E-1
2.7963283E+2	-6.9590755E-1
2.8020628E+2	-6.9718998E-1
2.8077969E+2	-6.9897440E-1
2.8135286E+2	-7.0057068E-1
2.8192681E+2	-7.0188571E-1
2.8250201E+2	-7.0285243E-1
2.8307634E+2	-7.0365057E-1
2.8364880E+2	-7.0395418E-1
2.8422306E+2	-7.0390389E-1
2.8479621E+2	-7.0315697E-1
2.8536965E+2	-7.0188478E-1
2.8594402E+2	-7.0057348E-1
2.8651873E+2	-6.9978092E-1
2.8709321E+2	-6.9996067E-1
2.8766681E+2	-7.0110620E-1
2.8824121E+2	-7.0296977E-1
2.8881509E+2	-7.0537258E-1
2.8939120E+2	-7.0827552E-1
2.8996447E+2	-7.1134236E-1
2.9053887E+2	-7.1426206E-1
2.9111486E+2	-7.1654846E-1
2.9168779E+2	-7.1783834E-1
2.9226185E+2	-7.1852752E-1
2.9283487E+2	-7.1988538E-1
2.9340886E+2	-7.2240927E-1
2.9398436E+2	-7.2617740E-1
2.9455762E+2	-7.3041771E-1
2.9513197E+2	-7.3425942E-1
2.9570676E+2	-7.3753115E-1
2.9628025E+2	-7.4071255E-1
2.9685519E+2	-7.4451421E-1
2.9742771E+2	-7.4863438E-1
2.9800069E+2	-7.5232242E-1
2.9857718E+2	-7.5490032E-1
2.9914926E+2	-7.5591174E-1
2.9972501E+2	-7.5580184E-1
3.0029875E+2	-7.5536226E-1
3.0087359E+2	-7.5607565E-1
3.0144864E+2	-7.5780139E-1
3.0202337E+2	-7.5978325E-1
3.0259684E+2	-7.6152854E-1
3.0317020E+2	-7.6248781E-1
3.0374406E+2	-7.6270481E-1
3.0431682E+2	-7.6219630E-1
3.0489085E+2	-7.6107127E-1
3.0546480E+2	-7.5941165E-1
3.0604076E+2	-7.5747729E-1
3.0661649E+2	-7.5564259E-1
3.0718921E+2	-7.5424095E-1
3.0776409E+2	-7.5330497E-1
3.0833881E+2	-7.5273407E-1
3.0891156E+2	-7.5245374E-1
3.0948681E+2	-7.5326492E-1
3.1005968E+2	-7.5510708E-1
3.1063491E+2	-7.5805751E-1
3.1120758E+2	-7.6159187E-1
3.1178095E+2	-7.6523707E-1
3.1235625E+2	-7.6853488E-1
3.1293184E+2	-7.7129439E-1
3.1350535E+2	-7.7367392E-1
3.1407793E+2	-7.7540246E-1
3.1465319E+2	-7.7663367E-1
3.1522756E+2	-7.7793566E-1
3.1580143E+2	-7.7924603E-1
3.1637667E+2	-7.8060948E-1
3.1695031E+2	-7.8150821E-1
3.1752430E+2	-7.8184255E-1
3.1809886E+2	-7.8175128E-1
3.1867198E+2	-7.8119528E-1
3.1924665E+2	-7.8051169E-1
3.1982044E+2	-7.7984952E-1
3.2039498E+2	-7.7988678E-1
3.2096751E+2	-7.8103230E-1
3.2154195E+2	-7.8306166E-1
3.2211682E+2	-7.8579602E-1
3.2269024E+2	-7.8906589E-1
3.2326465E+2	-7.9254997E-1
3.2383871E+2	-7.9623521E-1
3.2441203E+2	-8.0011138E-1
3.2498681E+2	-8.0386368E-1
3.2556075E+2	-8.0726114E-1
3.2613787E+2	-8.1002810E-1
3.2671053E+2	-8.1252032E-1
3.2728478E+2	-8.1481603E-1
3.2785883E+2	-8.1682117E-1
3.2843266E+2	-8.1800861E-1
3.2900679E+2	-8.1813154E-1
3.2958068E+2	-8.1729242E-1
3.3015682E+2	-8.1560672E-1
3.3072951E+2	-8.1370496E-1
3.3130408E+2	-8.1178644E-1
3.3187673E+2	-8.1009423E-1
3.3245238E+2	-8.0871401E-1
3.3302654E+2	-8.0745486E-1
3.3360024E+2	-8.0609792E-1
3.3417570E+2	-8.0450350E-1
3.3475026E+2	-8.0267810E-1
3.3532586E+2	-8.0057238E-1
3.3590081E+2	-7.9814815E-1
3.3647636E+2	-7.9583475E-1
3.3705298E+2	-7.9401587E-1
3.3762680E+2	-7.9237768E-1
3.3820018E+2	-7.9172854E-1
3.3877494E+2	-7.9284241E-1
3.3934774E+2	-7.9577607E-1
3.3992284E+2	-7.9990183E-1
3.4049681E+2	-8.0471770E-1
3.4107142E+2	-8.0948235E-1
3.4164676E+2	-8.1390427E-1
3.4222025E+2	-8.1780092E-1
3.4279370E+2	-8.2107359E-1
3.4336760E+2	-8.2390108E-1
3.4394213E+2	-8.2641659E-1
3.4451628E+2	-8.2861730E-1
3.4508880E+2	-8.3054141E-1
3.4566396E+2	-8.3206878E-1
3.4623884E+2	-8.3316961E-1
3.4681274E+2	-8.3395844E-1
3.4738785E+2	-8.3441665E-1
3.4796245E+2	-8.3466252E-1
3.4853683E+2	-8.3484692E-1
3.4911120E+2	-8.3496427E-1
3.4968523E+2	-8.3538150E-1
3.5025970E+2	-8.3634821E-1
3.5083447E+2	-8.3776941E-1
3.5140766E+2	-8.3945045E-1
3.5198208E+2	-8.4108026E-1
3.5255672E+2	-8.4307422E-1
3.5313190E+2	-8.4539880E-1
3.5370635E+2	-8.4790779E-1
3.5428022E+2	-8.5042143E-1
3.5485419E+2	-8.5263052E-1
3.5542837E+2	-8.5414858E-1
3.5600295E+2	-8.5468130E-1
3.5657550E+2	-8.5420912E-1
3.5715114E+2	-8.5304217E-1
3.5772527E+2	-8.5135554E-1
3.5829885E+2	-8.4922747E-1
3.5887433E+2	-8.4672966E-1
3.5944869E+2	-8.4409961E-1
3.6002282E+2	-8.4150494E-1
3.6059778E+2	-8.3967490E-1
3.6117213E+2	-8.3851354E-1
3.6174559E+2	-8.3811307E-1
3.6231880E+2	-8.3777407E-1
3.6289319E+2	-8.3683809E-1
3.6347151E+2	-8.3531537E-1
3.6404441E+2	-8.3359336E-1
3.6461785E+2	-8.3267601E-1
3.6519176E+2	-8.3238078E-1
3.6576681E+2	-8.3266204E-1
3.6634066E+2	-8.3288462E-1
3.6691474E+2	-8.3275144E-1
3.6748795E+2	-8.3210790E-1
3.6806040E+2	-8.3085527E-1
3.6863426E+2	-8.2916306E-1
3.6920877E+2	-8.2712719E-1
3.6978515E+2	-8.2537351E-1
3.7035880E+2	-8.2403240E-1
3.7092468E+2	-8.2338234E-1
3.7150019E+2	-8.2320911E-1
3.7207672E+2	-8.2242680E-1
3.7265084E+2	-8.2097487E-1
3.7322669E+2	-8.1918580E-1
3.7380021E+2	-8.1746192E-1
3.7437551E+2	-8.1757182E-1
3.7495026E+2	-8.1925192E-1
3.7552538E+2	-8.2168081E-1
3.7609965E+2	-8.2457070E-1
3.7667414E+2	-8.2771764E-1
3.7724866E+2	-8.3003571E-1
3.7782095E+2	-8.3241337E-1
3.7839589E+2	-8.3271605E-1
3.7896880E+2	-8.3228113E-1
3.7954414E+2	-8.3187134E-1
3.8011765E+2	-8.2565290E-1
3.8069149E+2	-8.1574549E-1
3.8126522E+2	-8.0690817E-1
3.8183887E+2	-7.9710507E-1
3.8241511E+2	-7.8679067E-1
3.8298779E+2	-7.7684787E-1
3.8356124E+2	-7.6794629E-1
3.8413642E+2	-7.6119699E-1
3.8470914E+2	-7.5562955E-1
3.8528373E+2	-7.5025023E-1
3.8585714E+2	-7.4361735E-1
3.8643358E+2	-7.3606153E-1
3.8700743E+2	-7.2854203E-1
3.8758155E+2	-7.2120600E-1
3.8815562E+2	-7.1313888E-1
3.8873025E+2	-7.0323706E-1
3.8930513E+2	-6.9179204E-1
3.8987681E+2	-6.7902919E-1
3.9044960E+2	-6.6593386E-1
3.9102403E+2	-6.5243434E-1
3.9159981E+2	-6.3811805E-1
3.9217289E+2	-6.2366858E-1
3.9274826E+2	-6.0904588E-1
3.9332288E+2	-5.9523251E-1
3.9389783E+2	-5.8099724E-1
3.9447125E+2	-5.6597780E-1
3.9504743E+2	-5.5204428E-1
3.9562232E+2	-5.3947608E-1
3.9619574E+2	-5.2738938E-1
3.9676934E+2	-5.1562398E-1
3.9734358E+2	-5.0491843E-1
3.9791762E+2	-4.9515071E-1
3.9849137E+2	-4.8548079E-1
3.9906504E+2	-4.7540947E-1
3.9964016E+2	-4.6561754E-1
4.0021521E+2	-4.5676160E-1
4.0078880E+2	-4.4838155E-1
4.0136370E+2	-4.4011700E-1
4.0193779E+2	-4.3207316E-1
4.0251287E+2	-4.2400139E-1
4.0308499E+2	-4.1619598E-1
4.0365763E+2	-4.0867368E-1
4.0423222E+2	-4.0096699E-1
4.0480766E+2	-3.9267356E-1
4.0538225E+2	-3.8387629E-1
4.0595618E+2	-3.7407505E-1
4.0653116E+2	-3.6412852E-1
4.0710488E+2	-3.5479853E-1
4.0767880E+2	-3.4577122E-1
4.0825466E+2	-3.3741912E-1
4.0882877E+2	-3.2983070E-1
4.0940301E+2	-3.2289514E-1
4.0997686E+2	-3.1646250E-1
4.1055026E+2	-3.0954091E-1
4.1112385E+2	-3.0248148E-1
4.1169774E+2	-2.9542206E-1
4.1227147E+2	-2.8897451E-1
4.1284546E+2	-2.8299263E-1
4.1342068E+2	-2.7736464E-1
4.1399546E+2	-2.7201419E-1
4.1457180E+2	-2.6659297E-1
4.1514524E+2	-2.6127325E-1
4.1572087E+2	-2.5617053E-1
4.1629659E+2	-2.5136025E-1
4.1687173E+2	-2.4695044E-1
4.1744582E+2	-2.4307055E-1
4.1801766E+2	-2.3943932E-1
4.1859109E+2	-2.3527352E-1
4.1916434E+2	-2.3011399E-1
4.1973871E+2	-2.2408833E-1
4.2031211E+2	-2.1816791E-1
4.2088503E+2	-2.1248219E-1
4.2145859E+2	-2.0662231E-1
4.2202395E+2	-2.0041690E-1
4.2259793E+2	-1.9343571E-1
4.2317145E+2	-1.8617791E-1
4.2374495E+2	-1.7946960E-1
4.2432112E+2	-1.7383696E-1
4.2489535E+2	-1.6865228E-1
4.2547023E+2	-1.6404410E-1
4.2604404E+2	-1.5969482E-1
4.2661876E+2	-1.5522447E-1
4.2718531E+2	-1.5083422E-1
4.2775985E+2	-1.4689938E-1
4.2833397E+2	-1.4357828E-1
4.2890777E+2	-1.4099666E-1
4.2948198E+2	-1.3897662E-1
4.3005669E+2	-1.3720618E-1
4.3063224E+2	-1.3534539E-1
4.3120608E+2	-1.3292582E-1
4.3177981E+2	-1.3002102E-1
4.3235527E+2	-1.2670644E-1
4.3292701E+2	-1.2299605E-1
4.3350291E+2	-1.1924655E-1
4.3407547E+2	-1.1559763E-1
4.3465072E+2	-1.1190959E-1
4.3522472E+2	-1.0840037E-1
4.3579880E+2	-1.0545180E-1
4.3637253E+2	-1.0342617E-1
4.3694563E+2	-1.0209997E-1
4.3751986E+2	-1.0129903E-1
4.3809412E+2	-1.0083896E-1
4.3866769E+2	-1.0054839E-1
4.3924089E+2	-9.9958858E-2
4.3981680E+2	-9.8800293E-2
4.4038930E+2	-9.6876180E-2
4.4096518E+2	-9.4626105E-2
4.4153877E+2	-9.2678709E-2
4.4211249E+2	-9.1264961E-2
4.4268781E+2	-8.9771120E-2
4.4326206E+2	-8.7830243E-2
4.4383682E+2	-8.5370620E-2
4.4440919E+2	-8.2537537E-2
4.4498278E+2	-7.9516326E-2
4.4555615E+2	-7.6860194E-2
4.4612880E+2	-7.4836430E-2
4.4670254E+2	-7.3224310E-2
4.4727676E+2	-7.2024767E-2
4.4784880E+2	-7.1126972E-2
4.4842478E+2	-6.9646169E-2
4.4899767E+2	-6.7538586E-2
4.4957186E+2	-6.5344390E-2
4.5014679E+2	-6.3502234E-2
4.5071967E+2	-6.2055889E-2
4.5129540E+2	-6.1244707E-2
4.5186960E+2	-6.0617927E-2
4.5244460E+2	-6.0526658E-2
4.5301682E+2	-6.0589056E-2
4.5359015E+2	-6.0766939E-2
4.5416280E+2	-6.1063100E-2
4.5473676E+2	-6.1174858E-2
4.5530972E+2	-6.1055649E-2
4.5588548E+2	-6.0873110E-2
4.5646024E+2	-6.0121532E-2
4.5703507E+2	-5.8225360E-2
4.5760752E+2	-5.5713582E-2
4.5818163E+2	-5.3402971E-2
4.5875683E+2	-5.1779676E-2
4.5933108E+2	-5.0658363E-2
4.5990450E+2	-4.9942176E-2
4.6047783E+2	-4.9336816E-2
4.6105384E+2	-4.8620629E-2
4.6162676E+2	-4.7906305E-2
4.6219939E+2	-4.7329816E-2
4.6277119E+2	-4.6618286E-2
4.6334599E+2	-4.5889060E-2
4.6391913E+2	-4.4814314E-2
4.6449089E+2	-4.3150040E-2
4.6506587E+2	-4.1012655E-2
4.6564029E+2	-3.8871544E-2
4.6621455E+2	-3.7274326E-2
4.6678763E+2	-3.5428444E-2
4.6736268E+2	-3.3069404E-2
4.6793566E+2	-3.0084515E-2
4.6851018E+2	-2.7160162E-2
4.6908557E+2	-2.3928472E-2
4.6965837E+2	-2.0871871E-2
4.7023252E+2	-1.8856489E-2
4.7080673E+2	-1.7136336E-2
4.7138038E+2	-1.6464853E-2
4.7195429E+2	-1.5204773E-2
4.7252835E+2	-1.4426188E-2
4.7310375E+2	-1.3816171E-2
4.7367787E+2	-1.3081358E-2
4.7425194E+2	-1.1803583E-2
4.7482582E+2	-1.0139309E-2
4.7539975E+2	-8.1742187E-3
4.7597478E+2	-5.3718689E-3
4.7654757E+2	-2.5872143E-3
4.7712096E+2	-1.4714898E-4
4.7769526E+2	2.3646282E-3
4.7826884E+2	4.9285594E-3
4.7884293E+2	7.8557064E-3
4.7941679E+2	1.1557714E-2
4.7999203E+2	1.6266481E-2
4.8056676E+2	2.0870009E-2
4.8114135E+2	2.4798328E-2
4.8171504E+2	2.7699398E-2
4.8228785E+2	2.9283577E-2
4.8286398E+2	3.0306170E-2
4.8343773E+2	3.1718055E-2
4.8401118E+2	3.3830295E-2
4.8458584E+2	3.6005864E-2
4.8515884E+2	3.7564898E-2
4.8573291E+2	3.8616362E-2
4.8630676E+2	3.9164911E-2
4.8688085E+2	3.9396810E-2
4.8745515E+2	3.9650130E-2
4.8802980E+2	4.1319060E-2
4.8860391E+2	4.3811279E-2
4.8917707E+2	4.6340751E-2
4.8975254E+2	4.9082565E-2
4.9032709E+2	5.2419494E-2
4.9090205E+2	5.5215325E-2
4.9147765E+2	5.8056790E-2
4.9205087E+2	6.0956929E-2
4.9262670E+2	6.4199794E-2
4.9320019E+2	6.6995625E-2
4.9377416E+2	6.8718572E-2
4.9434779E+2	6.9072474E-2
4.9492290E+2	6.8628233E-2
4.9549683E+2	6.8024736E-2
4.9606934E+2	6.7386780E-2
4.9664418E+2	6.6736717E-2
4.9721861E+2	6.6009354E-2
4.9779304E+2	6.5580946E-2
4.9836875E+2	6.5208417E-2
4.9894241E+2	6.4877797E-2
4.9951619E+2	6.4304102E-2
5.0008987E+2	6.3930642E-2
5.0066480E+2	6.3453805E-2
5.0123817E+2	6.2968586E-2
5.0181152E+2	6.3042160E-2
5.0238622E+2	6.3812364E-2
5.0296023E+2	6.5573495E-2
5.0353453E+2	6.8667349E-2
5.0410632E+2	7.2467145E-2
5.0467970E+2	7.6700938E-2
5.0525480E+2	8.0551026E-2
5.0582714E+2	8.3878641E-2
5.0640202E+2	8.7984843E-2
5.0697517E+2	9.3296176E-2
5.0754683E+2	9.7990973E-2
5.0811976E+2	1.0165107E-1
5.0869241E+2	1.0411069E-1
5.0926682E+2	1.0572374E-1
5.0984081E+2	1.0712911E-1
5.1041504E+2	1.0859129E-1
5.1098885E+2	1.0964834E-1
5.1156246E+2	1.1016243E-1
5.1213676E+2	1.1108351E-1
5.1271020E+2	1.1238363E-1
5.1328561E+2	1.1376478E-1
5.1386025E+2	1.1509937E-1
5.1443346E+2	1.1635759E-1
5.1500738E+2	1.1769590E-1
5.1558107E+2	1.1937507E-1
5.1615549E+2	1.2115204E-1
5.1672887E+2	1.2286101E-1
5.1730428E+2	1.2509619E-1
5.1787665E+2	1.2750366E-1
5.1845023E+2	1.2888108E-1
5.1902380E+2	1.2924057E-1
5.1959769E+2	1.2898725E-1
5.2017316E+2	1.2833067E-1
5.2074676E+2	1.2751297E-1
5.2132025E+2	1.2645126E-1
5.2189681E+2	1.2481027E-1
5.2246885E+2	1.2350269E-1
5.2304372E+2	1.2233388E-1
5.2361683E+2	1.2163819E-1
5.2419180E+2	1.2140908E-1
5.2476665E+2	1.2148545E-1
5.2534024E+2	1.2146496E-1
5.2591416E+2	1.2122095E-1
5.2648587E+2	1.2050849E-1
5.2706018E+2	1.2043399E-1
5.2763408E+2	1.2099185E-1
5.2820884E+2	1.2154319E-1
5.2878133E+2	1.2202934E-1
5.2935617E+2	1.2239256E-1
5.2992880E+2	1.2246613E-1
5.3050300E+2	1.2191758E-1
5.3107672E+2	1.2112968E-1
5.3164997E+2	1.2072549E-1
5.3222416E+2	1.2114645E-1
5.3279885E+2	1.2218115E-1
5.3337347E+2	1.2358838E-1
5.3394680E+2	1.2539700E-1
5.3452022E+2	1.2713671E-1
5.3509488E+2	1.2992137E-1
5.3566876E+2	1.3311767E-1
5.3624225E+2	1.3597776E-1
5.3681681E+2	1.3816357E-1
5.3738955E+2	1.3906416E-1
5.3796214E+2	1.3909490E-1
5.3853631E+2	1.3879129E-1
5.3910894E+2	1.3823529E-1
5.3968401E+2	1.3735146E-1
5.4025876E+2	1.3650675E-1
5.4083402E+2	1.3620407E-1
5.4141024E+2	1.3595634E-1
5.4198509E+2	1.3555680E-1
5.4255852E+2	1.3503526E-1
5.4313378E+2	1.3458450E-1
5.4370771E+2	1.3446622E-1
5.4428136E+2	1.3540686E-1
5.4485674E+2	1.3737661E-1
5.4543085E+2	1.4035684E-1
5.4600500E+2	1.4318527E-1
5.4657879E+2	1.4539902E-1
5.4715488E+2	1.4643279E-1
5.4772780E+2	1.4670380E-1
5.4830300E+2	1.4690497E-1
5.4887676E+2	1.4686585E-1
5.4944954E+2	1.4634897E-1
5.5002427E+2	1.4596433E-1
5.5059725E+2	1.4574175E-1
5.5117236E+2	1.4583115E-1
5.5174524E+2	1.4624932E-1
5.5231970E+2	1.4717505E-1
5.5289408E+2	1.4864282E-1
5.5346775E+2	1.4995971E-1
5.5404119E+2	1.5086123E-1
5.5461522E+2	1.5183167E-1
5.5518885E+2	1.5292318E-1
5.5576316E+2	1.5358814E-1
5.5633727E+2	1.5405753E-1
5.5691195E+2	1.5534834E-1
5.5748684E+2	1.5656092E-1
5.5806111E+2	1.5703217E-1
5.5863676E+2	1.5703869E-1
5.5921143E+2	1.5665685E-1
5.5978519E+2	1.5637373E-1
5.6035974E+2	1.5629829E-1
5.6093452E+2	1.5623123E-1
5.6150885E+2	1.5547127E-1
5.6208323E+2	1.5367475E-1
5.6265676E+2	1.5090500E-1
5.6323031E+2	1.4866796E-1
5.6380536E+2	1.4791825E-1
5.6437987E+2	1.4491101E-1
5.6495526E+2	1.4198107E-1
5.6552966E+2	1.3796893E-1
5.6610274E+2	1.3317541E-1
5.6667681E+2	1.2845640E-1
5.6725086E+2	1.2422447E-1
5.6782480E+2	1.2067240E-1
5.6840071E+2	1.1811965E-1
5.6897573E+2	1.1633617E-1
5.6954972E+2	1.1483581E-1
5.7012422E+2	1.1356362E-1
5.7069771E+2	1.1230447E-1
5.7127284E+2	1.1228119E-1
5.7184601E+2	1.1121669E-1
5.7242040E+2	1.1072867E-1
5.7299266E+2	1.0931399E-1
5.7356684E+2	1.0704250E-1
5.7414018E+2	1.0464807E-1
5.7471534E+2	1.0190812E-1
5.7529024E+2	9.9336734E-2
5.7586380E+2	9.7830786E-2
5.7643817E+2	9.6172100E-2
5.7701363E+2	9.4870111E-2
5.7758720E+2	9.3079178E-2
5.7816210E+2	9.0848660E-2
5.7873682E+2	8.8511971E-2
5.7931095E+2	8.5967598E-2
5.7988579E+2	8.3425087E-2
5.8045875E+2	8.0607836E-2
5.8103403E+2	7.7955429E-2
5.8160681E+2	7.4841087E-2
5.8218119E+2	7.2057363E-2
5.8275439E+2	6.9256876E-2
5.8332776E+2	6.6717159E-2
5.8390251E+2	6.4085242E-2
5.8447546E+2	6.1670322E-2
5.8504882E+2	5.9853311E-2
5.8562219E+2	5.9179965E-2
5.8619676E+2	5.9159476E-2
5.8677062E+2	5.9102665E-2
5.8734504E+2	5.8637004E-2
5.8791948E+2	5.7728965E-2
5.8849381E+2	5.6261200E-2
5.8906679E+2	5.4302629E-2
5.8963921E+2	5.2094463E-2
5.9021367E+2	4.9566853E-2
5.9078708E+2	4.7246928E-2
5.9136056E+2	4.4976364E-2
5.9193385E+2	4.2721632E-2
5.9250676E+2	4.0789137E-2
5.9308209E+2	3.9049427E-2
5.9365768E+2	3.7638473E-2
5.9423297E+2	3.6778862E-2
5.9480600E+2	3.6367217E-2
5.9538097E+2	3.6390500E-2
5.9595474E+2	3.6712738E-2
5.9653131E+2	3.6585147E-2
5.9710546E+2	3.6271291E-2
5.9767882E+2	3.5842883E-2
5.9825299E+2	3.5930427E-2
5.9882682E+2	3.6234970E-2
5.9940277E+2	3.6670829E-2
5.9997684E+2	3.6702494E-2
6.0055018E+2	3.6421234E-2
6.0112436E+2	3.6577696E-2
6.0169879E+2	3.6961401E-2
6.0227280E+2	3.7480148E-2
6.0284784E+2	3.7916938E-2
6.0342250E+2	3.8278291E-2
6.0399585E+2	3.8681554E-2
6.0456878E+2	3.9262699E-2
6.0514290E+2	4.0922316E-2
6.0571883E+2	4.6395699E-2
6.0629540E+2	5.9102665E-2
6.0686887E+2	7.4640852E-2
6.0744404E+2	8.8728038E-2
6.0801880E+2	9.9298550E-2
6.0859288E+2	1.0729023E-1
6.0916639E+2	1.1435711E-1
6.0974018E+2	1.2085215E-1
6.1031554E+2	1.2646709E-1
6.1088945E+2	1.3149065E-1
6.1146386E+2	1.3556984E-1
6.1203773E+2	1.4016033E-1
6.1261279E+2	1.4723279E-1
6.1318768E+2	1.5630015E-1
6.1376121E+2	1.6513933E-1
6.1433428E+2	1.7166791E-1
6.1490758E+2	1.7586817E-1
6.1548203E+2	1.7806702E-1
6.1605664E+2	1.7951523E-1
6.1662978E+2	1.8053037E-1
6.1720376E+2	1.8184633E-1
6.1777778E+2	1.8380583E-1
6.1835348E+2	1.8577558E-1
6.1892531E+2	1.8805825E-1
6.1949757E+2	1.9136631E-1
6.2006780E+2	1.9639825E-1
6.2064058E+2	1.9943622E-1
6.2121572E+2	2.0046161E-1
6.2178916E+2	2.0030328E-1
6.2236423E+2	1.9924623E-1
6.2293747E+2	1.9815007E-1
6.2350942E+2	1.9653050E-1
6.2408179E+2	1.9550604E-1
6.2465302E+2	1.9556565E-1
6.2522677E+2	1.9562711E-1
6.2579885E+2	1.9473304E-1
6.2637534E+2	1.9243826E-1
6.2694876E+2	1.8929319E-1
6.2752414E+2	1.8568245E-1
6.2809818E+2	1.8186589E-1
6.2867209E+2	1.7866307E-1
6.2924778E+2	1.7404837E-1
6.2982098E+2	1.7000643E-1
6.3039273E+2	1.6738941E-1
6.3096678E+2	1.6496238E-1
6.3154128E+2	1.6258472E-1
6.3211538E+2	1.6009902E-1
6.3268779E+2	1.5719329E-1
6.3326277E+2	1.5352388E-1
6.3383673E+2	1.4938788E-1
6.3441214E+2	1.4534128E-1
6.3498488E+2	1.4138316E-1
6.3555893E+2	1.3785531E-1
6.3613282E+2	1.3448206E-1
6.3670671E+2	1.3171230E-1
6.3728147E+2	1.2901519E-1
6.3785550E+2	1.2674463E-1
6.3843006E+2	1.2498257E-1
6.3900416E+2	1.2276416E-1
6.3957521E+2	1.1981093E-1
6.4014764E+2	1.1631195E-1
6.4072292E+2	1.1278038E-1
6.4129730E+2	1.0957756E-1
6.4187083E+2	1.0762178E-1
6.4244609E+2	1.0662433E-1
6.4301968E+2	1.0589325E-1
6.4359447E+2	1.0494888E-1
6.4416774E+2	1.0398310E-1
6.4474139E+2	1.0298286E-1
6.4531505E+2	1.0278170E-1
6.4588909E+2	1.0317937E-1
6.4646291E+2	1.0374934E-1
6.4703682E+2	1.0375493E-1
6.4761294E+2	1.0296610E-1
6.4818680E+2	1.0154583E-1
6.4876161E+2	9.9853618E-2
6.4933503E+2	9.7991904E-2
6.4990879E+2	9.5980248E-2
6.5048287E+2	9.3781395E-2
6.5105679E+2	9.1603963E-2
6.5163171E+2	8.9852145E-2
6.5220448E+2	8.8025821E-2
6.5277878E+2	8.6758291E-2
6.5335203E+2	8.7261205E-2
6.5392759E+2	8.8386243E-2
6.5450072E+2	9.0643769E-2
6.5507669E+2	9.2180451E-2
6.5564986E+2	9.2715030E-2
6.5622497E+2	9.3010260E-2
6.5679800E+2	9.3198387E-2
6.5737199E+2	9.2413282E-2
6.5794660E+2	9.1237953E-2
6.5852022E+2	9.1944827E-2
6.5909440E+2	9.5327390E-2
6.5966775E+2	1.0056981E-1
6.6024383E+2	1.0514539E-1
6.6081676E+2	1.0892843E-1
6.6138870E+2	1.1247490E-1
6.6196378E+2	1.1510030E-1
6.6253871E+2	1.1639577E-1
6.6311404E+2	1.1693873E-1
6.6368576E+2	1.1752360E-1
6.6425997E+2	1.1829008E-1
6.6483427E+2	1.1951384E-1
6.6540893E+2	1.2093317E-1
6.6598417E+2	1.2213924E-1
6.6655977E+2	1.2307429E-1
6.6713405E+2	1.2368523E-1
6.6770833E+2	1.2402610E-1
6.6828098E+2	1.2415462E-1
6.6885415E+2	1.2408570E-1
6.6942870E+2	1.2386125E-1
6.7000288E+2	1.2340118E-1
6.7057716E+2	1.2298395E-1
6.7114976E+2	1.2311526E-1
6.7172486E+2	1.2399164E-1
6.7229981E+2	1.2600423E-1
6.7287414E+2	1.2801681E-1
6.7344779E+2	1.3032277E-1
6.7402084E+2	1.3459195E-1
6.7459531E+2	1.4347863E-1
6.7516629E+2	1.5543402E-1
6.7574107E+2	1.7054846E-1
6.7631425E+2	1.8318278E-1
6.7688872E+2	1.9574073E-1
6.7746279E+2	2.0582230E-1
6.7803753E+2	2.1216181E-1
6.7861088E+2	2.1837001E-1
6.7918596E+2	2.2449811E-1
6.7975973E+2	2.2978803E-1
6.8033264E+2	2.3321064E-1
6.8090785E+2	2.3349842E-1
6.8147920E+2	2.3266023E-1
6.8205282E+2	2.3071749E-1
6.8262780E+2	2.2869652E-1
6.8320225E+2	2.2769907E-1
6.8377586E+2	2.2625645E-1
6.8434885E+2	2.2454189E-1
6.8492410E+2	2.2275002E-1
6.8549754E+2	2.2151416E-1
6.8606962E+2	2.2120682E-1
6.8664532E+2	2.2119006E-1
6.8721990E+2	2.2199379E-1
6.8779481E+2	2.2365527E-1
6.8836880E+2	2.2477006E-1
6.8894429E+2	2.2585412E-1
6.8951888E+2	2.2711699E-1
6.9009289E+2	2.2871328E-1
6.9066683E+2	2.3202786E-1
6.9123971E+2	2.3538155E-1
6.9181366E+2	2.3794269E-1
6.9238861E+2	2.3877343E-1
6.9296372E+2	2.3797808E-1
6.9353674E+2	2.3659506E-1
6.9410956E+2	2.3411309E-1
6.9468285E+2	2.3174287E-1
6.9525717E+2	2.3029560E-1
6.9583190E+2	2.2938476E-1
6.9640390E+2	2.2905880E-1
6.9697783E+2	2.2837055E-1
6.9755286E+2	2.2726042E-1
6.9812770E+2	2.2884553E-1
6.9870132E+2	2.3246465E-1
6.9927442E+2	2.3800881E-1
6.9985024E+2	2.4618117E-1
7.0042560E+2	2.5376772E-1
7.0100023E+2	2.6276430E-1
7.0157409E+2	2.7757792E-1
7.0214881E+2	2.9572660E-1
7.0272503E+2	3.1193068E-1
7.0329880E+2	3.2486955E-1
7.0387442E+2	3.3465495E-1
7.0444754E+2	3.4268482E-1
7.0501240E+2	3.5118221E-1
7.0558524E+2	3.5810380E-1
7.0615984E+2	3.6400652E-1
7.0673360E+2	3.6884101E-1
7.0730780E+2	3.7235489E-1
7.0788114E+2	3.7498588E-1
7.0845510E+2	3.7706180E-1
7.0903018E+2	3.7922619E-1
7.0960509E+2	3.8181248E-1
7.1017888E+2	3.8567281E-1
7.1075192E+2	3.9336833E-1
7.1132528E+2	4.0309227E-1
7.1189866E+2	4.1328746E-1
7.1247386E+2	4.2229148E-1
7.1304741E+2	4.2775090E-1
7.1362201E+2	4.3115209E-1
7.1419681E+2	4.3470881E-1
7.1477026E+2	4.3811000E-1
7.1534404E+2	4.4052678E-1
7.1591685E+2	4.4213517E-1
7.1649024E+2	4.4182877E-1
7.1706571E+2	4.4051654E-1
7.1763880E+2	4.4021572E-1
7.1821499E+2	4.4027253E-1
7.1878786E+2	4.3980500E-1
7.1936127E+2	4.3898172E-1
7.1993570E+2	4.3752326E-1
7.2050969E+2	4.3550416E-1
7.2108451E+2	4.3324477E-1
7.2165676E+2	4.3099749E-1
7.2223125E+2	4.2905568E-1
7.2280540E+2	4.2736812E-1
7.2338087E+2	4.2595437E-1
7.2395206E+2	4.2439441E-1
7.2452719E+2	4.2284283E-1
7.2509388E+2	4.2159765E-1
7.2566570E+2	4.1987563E-1
7.2624095E+2	4.1743277E-1
7.2681485E+2	4.1516686E-1
7.2738721E+2	4.1315986E-1
7.2796202E+2	4.1125158E-1
7.2853571E+2	4.1004273E-1
7.2911024E+2	4.0942247E-1
7.2968664E+2	4.0941502E-1
7.3025916E+2	4.1005390E-1
7.3083211E+2	4.1163063E-1
7.3140667E+2	4.1286184E-1
7.3198084E+2	4.1306301E-1
7.3255531E+2	4.1409584E-1
7.3312886E+2	4.1562694E-1
7.3370282E+2	4.1806142E-1
7.3427641E+2	4.2000322E-1
7.3484963E+2	4.2594599E-1
7.3542408E+2	4.3145756E-1
7.3599781E+2	4.3804481E-1
7.3657157E+2	4.4576454E-1
7.3714466E+2	4.5489523E-1
7.3771772E+2	4.6014602E-1
7.3829088E+2	4.6357981E-1
7.3886212E+2	4.6999662E-1
7.3943682E+2	4.7786630E-1
7.4001119E+2	4.8495646E-1
7.4058455E+2	4.9094672E-1
7.4115696E+2	4.9520194E-1
7.4173058E+2	4.9809183E-1
7.4230658E+2	4.9977659E-1
7.4288200E+2	5.0037450E-1
7.4345557E+2	5.0142969E-1
7.4402760E+2	5.0239827E-1
7.4460113E+2	5.0237312E-1
7.4517428E+2	5.0202294E-1
7.4574676E+2	5.0174355E-1
7.4632084E+2	5.0157870E-1
7.4689601E+2	5.0088394E-1
7.4746779E+2	4.9969836E-1
7.4804107E+2	4.9839265E-1
7.4860584E+2	4.9703478E-1
7.4917843E+2	4.9492999E-1
7.4975129E+2	4.9251321E-1
7.5032402E+2	4.8982262E-1
7.5089886E+2	4.8740211E-1
7.5147473E+2	4.8500209E-1
7.5205093E+2	4.8185050E-1
7.5262373E+2	4.7774150E-1
7.5319626E+2	4.7299362E-1
7.5376883E+2	4.6808369E-1
7.5434412E+2	4.6357981E-1
7.5491884E+2	4.5899025E-1
7.5549338E+2	4.5410267E-1
7.5606599E+2	4.4971800E-1
7.5663875E+2	4.4588561E-1
7.5721301E+2	4.4204577E-1
7.5778676E+2	4.3866600E-1
7.5836012E+2	4.3588414E-1
7.5893479E+2	4.3344221E-1
7.5950932E+2	4.3092112E-1
7.6008306E+2	4.2815788E-1
7.6065531E+2	4.2530524E-1
7.6122800E+2	4.2276459E-1
