0.0000000	25.0000000	0.0009976	1173.6185952 1097.6236521
0.0000000	30.0000000	0.0012476	1200.3473461 1116.0354981
0.0000000	35.0000000	0.0014885	1225.8556918 1134.3002697
0.0000000	40.0000000	0.0016628	1250.2406389 1149.7218102
0.0000000	45.0000000	0.0018461	1280.5548776 1165.6014720
0.0000000	50.0000000	0.0021187	1307.3017780 1187.6069419
0.0000000	55.0000000	0.0023630	1337.3062216 1206.5501336
0.0000000	60.0000000	0.0025665	1367.7756708 1224.0776553
0.0000000	65.0000000	0.0027807	1395.7198200 1241.6927959
0.0000000	70.0000000	0.0029973	1425.7774607 1259.6978402
0.0000000	75.0000000	0.0032221	1458.2752859 1278.5233723
0.0000000	80.0000000	0.0034042	1488.2434302 1296.3800905
0.0000000	85.0000000	0.0036369	1518.7742125 1315.0247523
0.0000000	90.0000000	0.0038459	1549.5597154 1333.4165712
0.0000000	95.0000000	0.0040493	1582.4768592 1351.2689085
0.0000000	100.0000000	0.0042688	1615.8821652 1370.5463034
0.0000000	105.0000000	0.0044740	1649.9033064 1389.0169793
0.0000000	110.0000000	0.0046882	1684.7956291 1407.8957086
0.0000000	115.0000000	0.0048895	1727.2162871 1429.6120363
0.0000000	120.0000000	0.0051040	1764.8542085 1449.8751432
