#============================================================
# Created with Tensionmeter 1.0 on 16.04.2024, 18:40:37.
#============================================================
 0.000000E+0000  0.000000E+0000
 4.700000E-0001  0.000000E+0000
 9.540000E-0001  0.000000E+0000
 1.438000E+0000  0.000000E+0000
 1.923000E+0000  0.000000E+0000
 2.391000E+0000  0.000000E+0000
 2.863000E+0000  1.962000E-0002
 3.113000E+0000  1.030050E+0000
 3.231000E+0000  9.505890E+0000
 3.357000E+0000  1.487196E+0001
 3.466000E+0000  1.927665E+0001
 3.590000E+0000  2.039499E+0001
 3.715000E+0000  2.037537E+0001
 3.950000E+0000  2.019879E+0001
 4.071000E+0000  1.919817E+0001
 4.196000E+0000  1.847223E+0001
 4.305000E+0000  1.734408E+0001
 4.430000E+0000  1.591182E+0001
 4.555000E+0000  1.443051E+0001
 4.665000E+0000  1.304730E+0001
 4.790000E+0000  1.170333E+0001
 4.915000E+0000  1.061442E+0001
 5.023000E+0000  9.947340E+0000
 5.148000E+0000  9.584370E+0000
 5.273000E+0000  9.290070E+0000
 5.383000E+0000  8.809380E+0000
 5.509000E+0000  7.828380E+0000
 5.634000E+0000  6.562890E+0000
 5.742000E+0000  5.562270E+0000
 5.869000E+0000  4.963860E+0000
 5.994000E+0000  4.453740E+0000
 6.102000E+0000  3.963240E+0000
 6.230000E+0000  3.561030E+0000
 6.346000E+0000  3.256920E+0000
 6.471000E+0000  2.952810E+0000
 6.596000E+0000  2.825280E+0000
 6.706000E+0000  2.776230E+0000
 6.957000E+0000  2.815470E+0000
 7.190000E+0000  3.247110E+0000
 7.315000E+0000  6.396120E+0000
 7.425000E+0000  8.936910E+0000
 7.550000E+0000  1.219383E+0001
 7.675000E+0000  1.500930E+0001
 7.785000E+0000  1.759914E+0001
 7.910000E+0000  1.986525E+0001
 8.036000E+0000  2.179782E+0001
 8.146000E+0000  2.334780E+0001
 8.270000E+0000  2.463291E+0001
 8.395000E+0000  2.585916E+0001
 8.505000E+0000  2.720313E+0001
 8.630000E+0000  2.863539E+0001
 8.755000E+0000  3.008727E+0001
 8.863000E+0000  3.143124E+0001
 8.988000E+0000  3.252015E+0001
 9.102000E+0000  3.338343E+0001
 9.227000E+0000  3.401127E+0001
 9.352000E+0000  3.432519E+0001
 9.462000E+0000  3.425652E+0001
 9.712000E+0000  3.404070E+0001
 9.820000E+0000  3.218661E+0001
 9.949000E+0000  3.081321E+0001
 1.005900E+0001  2.855691E+0001
 1.024800E+0001  1.738332E+0001
 1.035800E+0001  9.545130E+0000
 1.048400E+0001  3.717990E+0000
 1.060900E+0001  1.304730E+0000
 1.071900E+0001  3.924000E-0001
 1.084400E+0001  7.848000E-0002
 1.096900E+0001 -1.962000E-0002
 1.107700E+0001 -4.905000E-0002
 1.133100E+0001 -5.886000E-0002
 1.155900E+0001 -5.886000E-0002
 1.180900E+0001 -5.886000E-0002
 1.204300E+0001 -5.886000E-0002
 1.252900E+0001 -5.886000E-0002
 1.301000E+0001 -5.886000E-0002

