#============================================================
# Created with Tensionmeter 1.0 on 16.04.2024, 18:40:37.
#============================================================
 0.000000E+0000 -3.924000E-0002
 4.870000E-0001 -3.924000E-0002
 9.630000E-0001 -3.924000E-0002
 1.448000E+0000 -3.924000E-0002
 1.932000E+0000 -3.924000E-0002
 2.400000E+0000 -3.924000E-0002
 2.880000E+0000 -3.924000E-0002
 3.362000E+0000  6.867000E-0002
 3.487000E+0000  4.914810E+0000
 3.597000E+0000  9.633420E+0000
 3.723000E+0000  1.466595E+0001
 3.848000E+0000  1.781496E+0001
 3.956000E+0000  1.911969E+0001
 4.081000E+0000  1.900197E+0001
 4.206000E+0000  1.851147E+0001
 4.316000E+0000  1.822698E+0001
 4.441000E+0000  1.803078E+0001
 4.567000E+0000  1.785420E+0001
 4.676000E+0000  1.775610E+0001
 4.800000E+0000  1.755990E+0001
 4.925000E+0000  1.709883E+0001
 5.035000E+0000  1.631403E+0001
 5.160000E+0000  1.567638E+0001
 5.285000E+0000  1.518588E+0001
 5.395000E+0000  1.462671E+0001
 5.520000E+0000  1.394001E+0001
 5.645000E+0000  1.306692E+0001
 5.769000E+0000  1.191915E+0001
 5.879000E+0000  1.090872E+0001
 6.004000E+0000  1.026126E+0001
 6.114000E+0000  9.966960E+0000
 6.239000E+0000  9.868860E+0000
 6.355000E+0000  9.770760E+0000
 6.605000E+0000  9.731520E+0000
 6.840000E+0000  9.662850E+0000
 7.073000E+0000  9.623610E+0000
 7.315000E+0000  9.603990E+0000
 7.566000E+0000  9.584370E+0000
 7.799000E+0000  9.554940E+0000
 8.034000E+0000  9.554940E+0000
 8.284000E+0000  9.868860E+0000
 8.394000E+0000  1.267452E+0001
 8.518000E+0000  1.504854E+0001
 8.643000E+0000  1.779534E+0001
 8.753000E+0000  2.017917E+0001
 8.878000E+0000  2.242566E+0001
 9.003000E+0000  2.440728E+0001
 9.114000E+0000  2.606517E+0001
 9.239000E+0000  2.748762E+0001
 9.364000E+0000  2.878254E+0001
 9.472000E+0000  2.994012E+0001
 9.597000E+0000  3.089169E+0001
 9.722000E+0000  3.158820E+0001
 9.832000E+0000  3.210813E+0001
 9.958000E+0000  3.258882E+0001
 1.006800E+0001  3.313818E+0001
 1.019300E+0001  3.370716E+0001
 1.031800E+0001  3.416823E+0001
 1.042600E+0001  3.440367E+0001
 1.055100E+0001  3.441348E+0001
 1.078600E+0001  3.433500E+0001
 1.103500E+0001  3.381507E+0001
 1.120800E+0001  2.189592E+0001
 1.131700E+0001  1.298844E+0001
 1.144300E+0001  5.523030E+0000
 1.155300E+0001  2.256300E+0000
 1.167800E+0001  1.226250E+0000
 1.180300E+0001  1.049670E+0000
 1.192800E+0001  7.357500E-0001
 1.203700E+0001  4.806900E-0001
 1.216200E+0001  2.354400E-0001
 1.227200E+0001  1.177200E-0001
 1.239800E+0001  7.848000E-0002
 1.263300E+0001  1.177200E-0001
 1.288300E+0001  1.373400E-0001
 1.311600E+0001  1.373400E-0001
 1.336600E+0001  1.373400E-0001
 1.360100E+0001  1.177200E-0001

