#============================================================
# Created with Tensionmeter 1.0 on 16.04.2024, 18:40:37.
#============================================================
 0.000000E+0000 -9.810000E-0003
 4.690000E-0001 -9.810000E-0003
 9.540000E-0001 -9.810000E-0003
 1.438000E+0000 -9.810000E-0003
 1.923000E+0000 -9.810000E-0003
 2.392000E+0000 -9.810000E-0003
 2.881000E+0000 -9.810000E-0003
 3.350000E+0000 -9.810000E-0003
 3.837000E+0000 -9.810000E-0003
 4.307000E+0000  1.569600E-0001
 4.432000E+0000  5.689800E+0000
 4.556000E+0000  1.088910E+0001
 4.668000E+0000  1.619631E+0001
 4.793000E+0000  1.908045E+0001
 4.917000E+0000  2.013993E+0001
 5.031000E+0000  2.005164E+0001
 5.266000E+0000  1.976715E+0001
 5.399000E+0000  1.826622E+0001
 5.508000E+0000  1.754028E+0001
 5.634000E+0000  1.658871E+0001
 5.752000E+0000  1.546056E+0001
 5.877000E+0000  1.409697E+0001
 5.987000E+0000  1.275300E+0001
 6.111000E+0000  1.156599E+0001
 6.236000E+0000  1.035936E+0001
 6.353000E+0000  9.211590E+0000
 6.478000E+0000  7.975530E+0000
 6.596000E+0000  6.719850E+0000
 6.707000E+0000  5.405310E+0000
 6.833000E+0000  4.090770E+0000
 6.943000E+0000  2.766420E+0000
 7.068000E+0000  1.334160E+0000
 7.193000E+0000 -1.667700E-0001
 7.318000E+0000 -1.422450E+0000
 7.428000E+0000 -2.315160E+0000
 7.553000E+0000 -2.903760E+0000
 7.677000E+0000 -3.315780E+0000
 7.787000E+0000 -3.610080E+0000
 7.912000E+0000 -3.825900E+0000
 8.040000E+0000 -3.776850E+0000
 8.273000E+0000 -3.462930E+0000
 8.398000E+0000 -1.569600E-0001
 8.508000E+0000  2.707560E+0000
 8.627000E+0000  6.180300E+0000
 8.752000E+0000  9.182160E+0000
 8.877000E+0000  1.197801E+0001
 8.987000E+0000  1.452861E+0001
 9.112000E+0000  1.690263E+0001
 9.237000E+0000  1.904121E+0001
 9.345000E+0000  2.088549E+0001
 9.471000E+0000  2.253357E+0001
 9.588000E+0000  2.411298E+0001
 9.714000E+0000  2.561391E+0001
 9.824000E+0000  2.701674E+0001
 9.950000E+0000  2.824299E+0001
 1.007500E+0001  2.933190E+0001
 1.018500E+0001  3.028347E+0001
 1.031000E+0001  3.108789E+0001
 1.043500E+0001  3.184326E+0001
 1.054300E+0001  3.250053E+0001
 1.066800E+0001  3.306951E+0001
 1.079300E+0001  3.365811E+0001
 1.090400E+0001  3.412899E+0001
 1.102900E+0001  3.437424E+0001
 1.114600E+0001  3.428595E+0001
 1.137900E+0001  3.412899E+0001
 1.150500E+0001  3.293217E+0001
 1.163000E+0001  3.214737E+0001
 1.173800E+0001  3.048948E+0001
 1.195800E+0001  1.931589E+0001
 1.208300E+0001  1.119321E+0001
 1.219300E+0001  4.748040E+0000
 1.231800E+0001  1.952190E+0000
 1.244300E+0001  1.324350E+0000
 1.256600E+0001  1.157580E+0000
 1.267400E+0001  8.142300E-0001
 1.279900E+0001  4.806900E-0001
 1.292600E+0001  2.354400E-0001
 1.303400E+0001  9.810000E-0002
 1.315900E+0001  7.848000E-0002
 1.339400E+0001  1.373400E-0001
 1.363800E+0001  1.667700E-0001
 1.387500E+0001  1.667700E-0001

