#============================================================
# Created with Tensionmeter 1.0 on 16.04.2024, 18:40:37.
#============================================================
 0.000000E+0000  0.000000E+0000
 4.690000E-0001  0.000000E+0000
 9.480000E-0001  0.000000E+0000
 1.434000E+0000  0.000000E+0000
 1.919000E+0000  0.000000E+0000
 2.403000E+0000  0.000000E+0000
 2.874000E+0000  0.000000E+0000
 3.363000E+0000  0.000000E+0000
 3.832000E+0000  0.000000E+0000
 4.411000E+0000  2.364210E+0000
 4.536000E+0000  1.226250E+0001
 4.647000E+0000  1.666719E+0001
 4.772000E+0000  2.019879E+0001
 4.897000E+0000  2.029689E+0001
 5.007000E+0000  1.994373E+0001
 5.132000E+0000  1.945323E+0001
 5.256000E+0000  1.898235E+0001
 5.365000E+0000  1.857033E+0001
 5.491000E+0000  1.812888E+0001
 5.616000E+0000  1.752066E+0001
 5.734000E+0000  1.686339E+0001
 5.844000E+0000  1.625517E+0001
 5.969000E+0000  1.577448E+0001
 6.094000E+0000  1.530360E+0001
 6.202000E+0000  1.487196E+0001
 6.327000E+0000  1.423431E+0001
 6.452000E+0000  1.352799E+0001
 6.563000E+0000  1.261566E+0001
 6.688000E+0000  1.164447E+0001
 6.805000E+0000  1.067328E+0001
 6.930000E+0000  9.437220E+0000
 7.039000E+0000  8.230590E+0000
 7.164000E+0000  7.112250E+0000
 7.289000E+0000  6.062580E+0000
 7.413000E+0000  5.248350E+0000
 7.527000E+0000  4.728420E+0000
 7.651000E+0000  4.404690E+0000
 7.761000E+0000  4.012290E+0000
 7.886000E+0000  3.561030E+0000
 8.011000E+0000  3.198060E+0000
 8.121000E+0000  2.786040E+0000
 8.247000E+0000  2.491740E+0000
 8.372000E+0000  2.226870E+0000
 8.480000E+0000  1.952190E+0000
 8.605000E+0000  1.667700E+0000
 8.719000E+0000  1.706940E+0000
 8.958000E+0000  2.089530E+0000
 9.083000E+0000  5.621130E+0000
 9.209000E+0000  8.318880E+0000
 9.334000E+0000  1.127169E+0001
 9.444000E+0000  1.324350E+0001
 9.569000E+0000  1.491120E+0001
 9.677000E+0000  1.654947E+0001
 9.802000E+0000  1.820736E+0001
 9.920000E+0000  1.981620E+0001
 1.004900E+0001  2.146428E+0001
 1.015900E+0001  2.309274E+0001
 1.028600E+0001  2.455443E+0001
 1.039600E+0001  2.583954E+0001
 1.052100E+0001  2.702655E+0001
 1.064600E+0001  2.800755E+0001
 1.075600E+0001  2.883159E+0001
 1.088100E+0001  2.957715E+0001
 1.100600E+0001  3.030309E+0001
 1.111500E+0001  3.104865E+0001
 1.124200E+0001  3.175497E+0001
 1.136100E+0001  3.239262E+0001
 1.148600E+0001  3.297141E+0001
 1.159400E+0001  3.346191E+0001
 1.171900E+0001  3.385431E+0001
 1.184600E+0001  3.417804E+0001
 1.195400E+0001  3.437424E+0001
 1.208000E+0001  3.440367E+0001
 1.231500E+0001  3.431538E+0001
 1.255100E+0001  3.390336E+0001
 1.268400E+0001  3.195117E+0001
 1.279300E+0001  3.082302E+0001
 1.291700E+0001  2.958696E+0001
 1.304200E+0001  2.594745E+0001
 1.319900E+0001  1.514664E+0001
 1.332500E+0001  7.965720E+0000
 1.345000E+0001  2.972430E+0000
 1.355800E+0001  1.059480E+0000
 1.368300E+0001  3.335400E-0001
 1.380300E+0001  7.848000E-0002
 1.392800E+0001  9.810000E-0003
 1.416100E+0001  0.000000E+0000
 1.439700E+0001  0.000000E+0000
 1.464700E+0001  0.000000E+0000
 1.488000E+0001  0.000000E+0000

