#============================================================
# Created with Tensionmeter 1.0 on 16.04.2024, 18:40:37.
#============================================================
 0.000000E+0000  4.905000E-0002
 2.500000E-0001  4.905000E-0002
 4.790000E-0001  3.924000E-0002
 7.290000E-0001  3.924000E-0002
 1.198000E+0000  3.924000E-0002
 1.676000E+0000  3.924000E-0002
 2.163000E+0000  3.924000E-0002
 2.648000E+0000  3.924000E-0002
 3.117000E+0000  3.924000E-0002
 3.601000E+0000  3.924000E-0002
 4.086000E+0000  3.924000E-0002
 4.531000E+0000  2.423070E+0000
 4.640000E+0000  1.186029E+0001
 4.776000E+0000  1.563714E+0001
 4.886000E+0000  1.880577E+0001
 5.011000E+0000  1.851147E+0001
 5.121000E+0000  1.787382E+0001
 5.246000E+0000  1.734408E+0001
 5.369000E+0000  1.684377E+0001
 5.494000E+0000  1.621593E+0001
 5.604000E+0000  1.549980E+0001
 5.729000E+0000  1.458747E+0001
 5.854000E+0000  1.345932E+0001
 5.965000E+0000  1.232136E+0001
 6.090000E+0000  1.115397E+0001
 6.198000E+0000  9.515700E+0000
 6.323000E+0000  7.671420E+0000
 6.449000E+0000  5.827140E+0000
 6.559000E+0000  4.267350E+0000
 6.677000E+0000  2.982240E+0000
 6.802000E+0000  1.991430E+0000
 6.928000E+0000  1.206630E+0000
 7.037000E+0000  3.727800E-0001
 7.161000E+0000 -7.161300E-0001
 7.288000E+0000 -2.217060E+0000
 7.398000E+0000 -3.904380E+0000
 7.522000E+0000 -5.493600E+0000
 7.653000E+0000 -6.916050E+0000
 7.763000E+0000 -8.210970E+0000
 7.889000E+0000 -9.044820E+0000
 7.997000E+0000 -9.397980E+0000
 8.122000E+0000 -9.554940E+0000
 8.239000E+0000 -9.613800E+0000
 8.482000E+0000 -9.476460E+0000
 8.607000E+0000 -7.749900E+0000
 8.732000E+0000 -5.709420E+0000
 8.841000E+0000 -2.658510E+0000
 8.962000E+0000  8.338500E-0001
 9.087000E+0000  4.591080E+0000
 9.201000E+0000  7.995150E+0000
 9.326000E+0000  1.090872E+0001
 9.436000E+0000  1.342008E+0001
 9.561000E+0000  1.579410E+0001
 9.687000E+0000  1.822698E+0001
 9.797000E+0000  2.067948E+0001
 9.921000E+0000  2.298483E+0001
 1.004600E+0001  2.492721E+0001
 1.015600E+0001  2.653605E+0001
 1.028100E+0001  2.788002E+0001
 1.039800E+0001  2.901798E+0001
 1.052300E+0001  3.000879E+0001
 1.064700E+0001  3.089169E+0001
 1.075600E+0001  3.175497E+0001
 1.088200E+0001  3.262806E+0001
 1.100700E+0001  3.343248E+0001
 1.111700E+0001  3.405051E+0001
 1.124300E+0001  3.434481E+0001
 1.136800E+0001  3.416823E+0001
 1.147600E+0001  3.350115E+0001
 1.160100E+0001  3.253977E+0001
 1.172600E+0001  3.144105E+0001
 1.183600E+0001  3.013632E+0001
 1.196100E+0001  2.872368E+0001
 1.208700E+0001  2.751705E+0001
 1.219600E+0001  2.538828E+0001
 1.235200E+0001  1.571562E+0001
 1.247700E+0001  8.613180E+0000
 1.258700E+0001  3.413880E+0000
 1.271200E+0001  1.206630E+0000
 1.283800E+0001  3.727800E-0001
 1.294600E+0001  7.848000E-0002
 1.307100E+0001  0.000000E+0000
 1.332100E+0001 -1.962000E-0002
 1.355600E+0001 -2.943000E-0002
 1.379000E+0001 -2.943000E-0002
 1.404300E+0001 -2.943000E-0002
 1.426800E+0001 -2.943000E-0002

