#============================================================
# Created with Tensionmeter 1.0 on 16.04.2024, 18:40:37.
#============================================================
 0.000000E+0000  0.000000E+0000
 4.790000E-0001  0.000000E+0000
 9.680000E-0001  0.000000E+0000
 1.451000E+0000  0.000000E+0000
 1.919000E+0000  0.000000E+0000
 2.409000E+0000  0.000000E+0000
 2.893000E+0000  0.000000E+0000
 3.363000E+0000  0.000000E+0000
 3.851000E+0000  0.000000E+0000
 4.429000E+0000  2.472120E+0000
 4.554000E+0000  1.253718E+0001
 4.664000E+0000  1.678491E+0001
 4.797000E+0000  2.031651E+0001
 4.908000E+0000  2.036556E+0001
 5.158000E+0000  2.017917E+0001
 5.266000E+0000  1.911969E+0001
 5.391000E+0000  1.855071E+0001
 5.516000E+0000  1.789344E+0001
 5.626000E+0000  1.748142E+0001
 5.751000E+0000  1.713807E+0001
 5.862000E+0000  1.688301E+0001
 5.987000E+0000  1.652985E+0001
 6.112000E+0000  1.591182E+0001
 6.223000E+0000  1.540170E+0001
 6.348000E+0000  1.479348E+0001
 6.474000E+0000  1.395963E+0001
 6.583000E+0000  1.292958E+0001
 6.706000E+0000  1.178181E+0001
 6.831000E+0000  1.051632E+0001
 6.941000E+0000  9.309690E+0000
 7.066000E+0000  8.250210E+0000
 7.191000E+0000  7.279020E+0000
 7.299000E+0000  6.376500E+0000
 7.424000E+0000  5.621130E+0000
 7.550000E+0000  5.032530E+0000
 7.660000E+0000  4.404690E+0000
 7.785000E+0000  3.629700E+0000
 7.910000E+0000  2.864520E+0000
 8.018000E+0000  2.285730E+0000
 8.143000E+0000  1.844280E+0000
 8.268000E+0000  1.746180E+0000
 8.508000E+0000  2.011050E+0000
 8.618000E+0000  5.111010E+0000
 8.743000E+0000  7.906860E+0000
 8.868000E+0000  1.113435E+0001
 8.993000E+0000  1.372419E+0001
 9.101000E+0000  1.603935E+0001
 9.227000E+0000  1.812888E+0001
 9.337000E+0000  2.004183E+0001
 9.462000E+0000  2.169972E+0001
 9.587000E+0000  2.313198E+0001
 9.697000E+0000  2.438766E+0001
 9.822000E+0000  2.557467E+0001
 9.946000E+0000  2.665377E+0001
 1.005600E+0001  2.757591E+0001
 1.018100E+0001  2.835090E+0001
 1.030600E+0001  2.898855E+0001
 1.041600E+0001  2.954772E+0001
 1.054200E+0001  3.005784E+0001
 1.066700E+0001  3.052872E+0001
 1.077800E+0001  3.100941E+0001
 1.090300E+0001  3.148029E+0001
 1.102800E+0001  3.193155E+0001
 1.113600E+0001  3.240243E+0001
 1.126800E+0001  3.286350E+0001
 1.137600E+0001  3.327552E+0001
 1.150100E+0001  3.360906E+0001
 1.162800E+0001  3.389355E+0001
 1.173600E+0001  3.413880E+0001
 1.186100E+0001  3.436443E+0001
 1.198600E+0001  3.450177E+0001
 1.209700E+0001  3.452139E+0001
 1.233300E+0001  3.445272E+0001
 1.257700E+0001  3.416823E+0001
 1.270200E+0001  3.274578E+0001
 1.282300E+0001  3.179421E+0001
 1.293300E+0001  3.063663E+0001
 1.305900E+0001  2.971449E+0001
 1.318400E+0001  2.883159E+0001
 1.329400E+0001  2.704617E+0001
 1.348200E+0001  1.625517E+0001
 1.359000E+0001  8.907480E+0000
 1.372200E+0001  3.413880E+0000
 1.383000E+0001  1.206630E+0000
 1.395500E+0001  3.727800E-0001
 1.406500E+0001  9.810000E-0002
 1.419000E+0001  0.000000E+0000
 1.444100E+0001 -1.962000E-0002
 1.467400E+0001 -2.943000E-0002
 1.490900E+0001 -2.943000E-0002
 1.515900E+0001 -2.943000E-0002
 1.539400E+0001 -2.943000E-0002
 1.587800E+0001 -2.943000E-0002
 1.636300E+0001 -2.943000E-0002

