#============================================================
# Created with Tensionmeter 1.0 on 16.04.2024, 18:40:37.
#============================================================
 0.000000E+0000 -9.810000E-0003
 4.720000E-0001 -9.810000E-0003
 9.570000E-0001 -9.810000E-0003
 1.430000E+0000 -9.810000E-0003
 1.926000E+0000 -9.810000E-0003
 2.398000E+0000 -9.810000E-0003
 2.884000E+0000 -9.810000E-0003
 3.352000E+0000 -9.810000E-0003
 3.831000E+0000 -9.810000E-0003
 4.306000E+0000  4.022100E-0001
 4.432000E+0000  8.220780E+0000
 4.561000E+0000  1.366533E+0001
 4.671000E+0000  1.862919E+0001
 4.796000E+0000  2.036556E+0001
 4.920000E+0000  2.070891E+0001
 5.029000E+0000  2.045385E+0001
 5.155000E+0000  1.988487E+0001
 5.280000E+0000  1.906083E+0001
 5.393000E+0000  1.839375E+0001
 5.517000E+0000  1.807002E+0001
 5.642000E+0000  1.773648E+0001
 5.752000E+0000  1.702035E+0001
 5.877000E+0000  1.607859E+0001
 5.985000E+0000  1.528398E+0001
 6.112000E+0000  1.462671E+0001
 6.238000E+0000  1.397925E+0001
 6.346000E+0000  1.334160E+0001
 6.471000E+0000  1.243908E+0001
 6.596000E+0000  1.109511E+0001
 6.706000E+0000  9.682470E+0000
 6.831000E+0000  8.466030E+0000
 6.957000E+0000  7.534080E+0000
 7.066000E+0000  6.739470E+0000
 7.190000E+0000  5.925240E+0000
 7.317000E+0000  5.081580E+0000
 7.442000E+0000  4.198680E+0000
 7.550000E+0000  3.345210E+0000
 7.675000E+0000  2.432880E+0000
 7.785000E+0000  1.451880E+0000
 7.910000E+0000  3.433500E-0001
 8.035000E+0000 -6.376500E-0001
 8.144000E+0000 -1.393020E+0000
 8.269000E+0000 -1.903140E+0000
 8.394000E+0000 -2.148390E+0000
 8.519000E+0000 -2.324970E+0000
 8.630000E+0000 -2.530980E+0000
 8.755000E+0000 -2.727180E+0000
 8.880000E+0000 -2.825280E+0000
 8.988000E+0000 -2.658510E+0000
 9.113000E+0000 -2.011050E+0000
 9.238000E+0000 -7.946100E-0001
 9.348000E+0000  1.255680E+0000
 9.473000E+0000  4.100580E+0000
 9.598000E+0000  7.063200E+0000
 9.708000E+0000  9.692280E+0000
 9.835000E+0000  1.197801E+0001
 9.945000E+0000  1.405773E+0001
 1.007000E+0001  1.611783E+0001
 1.019500E+0001  1.820736E+0001
 1.030300E+0001  2.005164E+0001
 1.042800E+0001  2.159181E+0001
 1.055600E+0001  2.289654E+0001
 1.066500E+0001  2.411298E+0001
 1.079000E+0001  2.530980E+0001
 1.091500E+0001  2.646738E+0001
 1.102500E+0001  2.752686E+0001
 1.115000E+0001  2.839995E+0001
 1.127500E+0001  2.918475E+0001
 1.138600E+0001  2.994993E+0001
 1.151100E+0001  3.073473E+0001
 1.163600E+0001  3.147048E+0001
 1.174600E+0001  3.210813E+0001
 1.187000E+0001  3.262806E+0001
 1.198000E+0001  3.304989E+0001
 1.210500E+0001  3.339324E+0001
 1.223100E+0001  3.373659E+0001
 1.234400E+0001  3.405051E+0001
 1.247000E+0001  3.432519E+0001
 1.258000E+0001  3.448215E+0001
 1.270500E+0001  3.452139E+0001
 1.294000E+0001  3.449196E+0001
 1.318900E+0001  3.429576E+0001
 1.329800E+0001  3.314799E+0001
 1.342400E+0001  3.236319E+0001
 1.354900E+0001  3.154896E+0001
 1.366000E+0001  3.097017E+0001
 1.378500E+0001  2.958696E+0001
 1.397200E+0001  1.943361E+0001
 1.409700E+0001  1.131093E+0001
 1.420600E+0001  4.905000E+0000
 1.433100E+0001  1.903140E+0000
 1.445600E+0001  8.927100E-0001
 1.456600E+0001  7.749900E-0001
 1.469100E+0001  5.199300E-0001
 1.481600E+0001  3.139200E-0001
 1.492600E+0001  9.810000E-0002
 1.505000E+0001  1.962000E-0002
 1.530000E+0001  0.000000E+0000
 1.552400E+0001  0.000000E+0000
 1.577400E+0001  0.000000E+0000
 1.600700E+0001  0.000000E+0000
 1.625400E+0001  0.000000E+0000

