#zavazi   hlinik       med        mosaz      pravitko (mm)
99.121 0.658 0.709 0.366 0.378 0.456 0.478 0.158 0.153
99.626 1.353 1.412 0.758 0.751 0.928 0.956 0.313 0.307
99.643 2.020 2.077 1.140 1.132 1.407 1.436 0.461 0.458
98.980 2.685 2.735 1.524 1.516 1.893 1.907 0.611 0.609
99.742 3.381 3.443 1.905 1.895 2.370 2.390 0.764 0.759
99.766 4.041 4.105 2.315 2.273 2.849 2.867 0.913 0.910
99.688 4.761 4.793 2.719 2.651 3.327 3.342 1.063 1.061
99.643 5.400 5.471 3.108 3.036 3.802 3.819 1.216 1.208
99.408 6.082 6.148 3.505 3.407 4.271 4.296 1.364 1.362
99.382 6.789 6.827 3.892 3.780 4.752 4.774 1.519 1.506
