Uf/V. If/A. Ua/V. Ia/uA
=======================
5.199090    2.005610    19.95    68.8406941000e-6 
4.837639    1.905447    19.95    29.4472888000e-6 
4.411710    1.805220    19.95    11.4478141000e-6 
4.001073    1.704852    19.95    4.14612134000e-6 
3.651195    1.604643    19.95    1.39094375000e-6 
3.314672    1.504190    19.95    0.42105136500e-6 
3.003317    1.403953    19.95    0.11597576300e-6 
2.987240    1.403995    19.95    0.11448307200e-6 
2.682645    1.303595    19.95    0.03080102070e-6 
2.402166    1.203174    19.95    0.00637532803e-6 
2.128670    1.103014    19.95    0.00224764337e-6 
