1.2069902E+0	4.2185330E+1	2.4138032E+1	2.5429178E+1	2.5159090E+1	0.0000000E+0	0.0000000E+0	0.0000000E+0	0.0000000E+0	0.0000000E+0	0.0000000E+0
3.3127918E+0	4.2173147E+1	2.4139873E+1	2.5430099E+1	2.5155714E+1	0.0000000E+0	0.0000000E+0	0.0000000E+0	0.0000000E+0	0.0000000E+0	0.0000000E+0
5.4192791E+0	4.2159886E+1	2.4140639E+1	2.5429792E+1	2.5155561E+1	0.0000000E+0	0.0000000E+0	0.0000000E+0	0.0000000E+0	0.0000000E+0	0.0000000E+0
7.5248175E+0	4.2149092E+1	2.4142480E+1	2.5430712E+1	2.5154334E+1	0.0000000E+0	0.0000000E+0	0.0000000E+0	0.0000000E+0	0.0000000E+0	0.0000000E+0
9.6296024E+0	4.2137372E+1	2.4143554E+1	2.5430099E+1	2.5153413E+1	0.0000000E+0	0.0000000E+0	0.0000000E+0	0.0000000E+0	0.0000000E+0	0.0000000E+0
1.1742273E+1	4.2128120E+1	2.4144321E+1	2.5431019E+1	2.5152646E+1	0.0000000E+0	0.0000000E+0	0.0000000E+0	0.0000000E+0	0.0000000E+0	0.0000000E+0
1.3849226E+1	4.2121489E+1	2.4147388E+1	2.5430866E+1	2.5152186E+1	0.0000000E+0	0.0000000E+0	0.0000000E+0	0.0000000E+0	0.0000000E+0	0.0000000E+0
1.5954567E+1	4.2113933E+1	2.4148615E+1	2.5430559E+1	2.5151726E+1	0.0000000E+0	0.0000000E+0	0.0000000E+0	0.0000000E+0	0.0000000E+0	0.0000000E+0
1.8057439E+1	4.2106223E+1	2.4149229E+1	2.5431786E+1	2.5151112E+1	0.0000000E+0	0.0000000E+0	0.0000000E+0	0.0000000E+0	0.0000000E+0	0.0000000E+0
2.0162726E+1	4.2095738E+1	2.4150456E+1	2.5431480E+1	2.5150345E+1	0.0000000E+0	0.0000000E+0	0.0000000E+0	0.0000000E+0	0.0000000E+0	0.0000000E+0
2.2268050E+1	4.2084481E+1	2.4152757E+1	2.5432860E+1	2.5150345E+1	0.0000000E+0	0.0000000E+0	0.0000000E+0	0.0000000E+0	0.0000000E+0	0.0000000E+0
2.4372904E+1	4.2069215E+1	2.4155057E+1	2.5431633E+1	2.5149117E+1	0.0000000E+0	0.0000000E+0	0.0000000E+0	0.0000000E+0	0.0000000E+0	0.0000000E+0
2.6479834E+1	4.2046856E+1	2.4155364E+1	2.5432707E+1	2.5148811E+1	0.0000000E+0	0.0000000E+0	0.0000000E+0	0.0000000E+0	0.0000000E+0	0.0000000E+0
2.8584502E+1	4.2022956E+1	2.4157665E+1	2.5433935E+1	2.5147583E+1	0.0000000E+0	0.0000000E+0	0.0000000E+0	0.0000000E+0	0.0000000E+0	0.0000000E+0
3.0690727E+1	4.2004606E+1	2.4159045E+1	2.5433781E+1	2.5149117E+1	0.0000000E+0	0.0000000E+0	0.0000000E+0	0.0000000E+0	0.0000000E+0	0.0000000E+0
3.2797819E+1	4.1994584E+1	2.4160426E+1	2.5434548E+1	2.5148044E+1	0.0000000E+0	0.0000000E+0	0.0000000E+0	0.0000000E+0	0.0000000E+0	0.0000000E+0
3.4901725E+1	4.1981940E+1	2.4162420E+1	2.5436083E+1	2.5148350E+1	0.0000000E+0	0.0000000E+0	0.0000000E+0	0.0000000E+0	0.0000000E+0	0.0000000E+0
3.7007569E+1	4.1960044E+1	2.4162420E+1	2.5435469E+1	2.5146970E+1	0.0000000E+0	0.0000000E+0	0.0000000E+0	0.0000000E+0	0.0000000E+0	0.0000000E+0
3.9112990E+1	4.1937994E+1	2.4164414E+1	2.5436696E+1	2.5147430E+1	0.0000000E+0	0.0000000E+0	0.0000000E+0	0.0000000E+0	0.0000000E+0	0.0000000E+0
4.1217471E+1	4.1924117E+1	2.4166101E+1	2.5438231E+1	2.5147737E+1	0.0000000E+0	0.0000000E+0	0.0000000E+0	0.0000000E+0	0.0000000E+0	0.0000000E+0
4.3322317E+1	4.1918257E+1	2.4167021E+1	2.5439919E+1	2.5145589E+1	0.0000000E+0	0.0000000E+0	0.0000000E+0	0.0000000E+0	0.0000000E+0	0.0000000E+0
4.5429323E+1	4.1917949E+1	2.4168708E+1	2.5438845E+1	2.5146203E+1	0.0000000E+0	0.0000000E+0	0.0000000E+0	0.0000000E+0	0.0000000E+0	0.0000000E+0
4.7533922E+1	4.1915174E+1	2.4170395E+1	2.5441146E+1	2.5145896E+1	0.0000000E+0	0.0000000E+0	0.0000000E+0	0.0000000E+0	0.0000000E+0	0.0000000E+0
4.9639460E+1	4.1913632E+1	2.4172083E+1	2.5440839E+1	2.5146203E+1	0.0000000E+0	0.0000000E+0	0.0000000E+0	0.0000000E+0	0.0000000E+0	0.0000000E+0
5.1744905E+1	4.1756668E+1	2.4173923E+1	2.5441453E+1	2.5144822E+1	0.0000000E+0	0.0000000E+0	0.0000000E+0	0.0000000E+0	0.0000000E+0	0.0000000E+0
5.3848189E+1	4.0255243E+1	2.4175150E+1	2.5441300E+1	2.5146663E+1	0.0000000E+0	0.0000000E+0	0.0000000E+0	0.0000000E+0	0.0000000E+0	0.0000000E+0
5.5954650E+1	3.8122499E+1	2.4197237E+1	2.5441300E+1	2.5146356E+1	0.0000000E+0	0.0000000E+0	0.0000000E+0	0.0000000E+0	0.0000000E+0	0.0000000E+0
5.8060035E+1	3.6195216E+1	2.4422718E+1	2.5441300E+1	2.5145589E+1	0.0000000E+0	0.0000000E+0	0.0000000E+0	0.0000000E+0	0.0000000E+0	0.0000000E+0
6.0164257E+1	3.4500273E+1	2.5042638E+1	2.5441760E+1	2.5146509E+1	0.0000000E+0	0.0000000E+0	0.0000000E+0	0.0000000E+0	0.0000000E+0	0.0000000E+0
6.2269779E+1	3.2909986E+1	2.7012843E+1	2.5441913E+1	2.5145129E+1	0.0000000E+0	0.0000000E+0	0.0000000E+0	0.0000000E+0	0.0000000E+0	0.0000000E+0
6.4375648E+1	3.1516586E+1	2.8326393E+1	2.5441760E+1	2.5144822E+1	0.0000000E+0	0.0000000E+0	0.0000000E+0	0.0000000E+0	0.0000000E+0	0.0000000E+0
6.6480914E+1	3.0346104E+1	2.9089732E+1	2.5441913E+1	2.5144055E+1	0.0000000E+0	0.0000000E+0	0.0000000E+0	0.0000000E+0	0.0000000E+0	0.0000000E+0
6.8585318E+1	2.9372653E+1	2.9516018E+1	2.5442374E+1	2.5142214E+1	0.0000000E+0	0.0000000E+0	0.0000000E+0	0.0000000E+0	0.0000000E+0	0.0000000E+0
7.0690988E+1	2.8530637E+1	2.9749077E+1	2.5442987E+1	2.5142214E+1	0.0000000E+0	0.0000000E+0	0.0000000E+0	0.0000000E+0	0.0000000E+0	0.0000000E+0
7.2795658E+1	2.7787406E+1	2.9875676E+1	2.5441606E+1	2.5141600E+1	0.0000000E+0	0.0000000E+0	0.0000000E+0	0.0000000E+0	0.0000000E+0	0.0000000E+0
7.4901968E+1	2.7109581E+1	2.9942972E+1	2.5442220E+1	2.5140986E+1	0.0000000E+0	0.0000000E+0	0.0000000E+0	0.0000000E+0	0.0000000E+0	0.0000000E+0
7.7006945E+1	2.6307575E+1	2.9976775E+1	2.5441760E+1	2.5141140E+1	0.0000000E+0	0.0000000E+0	0.0000000E+0	0.0000000E+0	0.0000000E+0	0.0000000E+0
7.9112784E+1	2.5479984E+1	2.9992754E+1	2.5443448E+1	2.5140833E+1	0.0000000E+0	0.0000000E+0	0.0000000E+0	0.0000000E+0	0.0000000E+0	0.0000000E+0
8.1219411E+1	2.4808914E+1	3.0000897E+1	2.5442834E+1	2.5139759E+1	0.0000000E+0	0.0000000E+0	0.0000000E+0	0.0000000E+0	0.0000000E+0	0.0000000E+0
8.3324827E+1	2.4313906E+1	3.0001819E+1	2.5444368E+1	2.5141907E+1	0.0000000E+0	0.0000000E+0	0.0000000E+0	0.0000000E+0	0.0000000E+0	0.0000000E+0
8.5430180E+1	2.3933227E+1	3.0001666E+1	2.5445442E+1	2.5142060E+1	0.0000000E+0	0.0000000E+0	0.0000000E+0	0.0000000E+0	0.0000000E+0	0.0000000E+0
8.7533954E+1	2.3639542E+1	2.9999515E+1	2.5444061E+1	2.5140526E+1	0.0000000E+0	0.0000000E+0	0.0000000E+0	0.0000000E+0	0.0000000E+0	0.0000000E+0
8.9639827E+1	2.3398632E+1	2.9998132E+1	2.5445135E+1	2.5142521E+1	0.0000000E+0	0.0000000E+0	0.0000000E+0	0.0000000E+0	0.0000000E+0	0.0000000E+0
9.1744889E+1	2.3146853E+1	2.9994290E+1	2.5444829E+1	2.5142521E+1	0.0000000E+0	0.0000000E+0	0.0000000E+0	0.0000000E+0	0.0000000E+0	0.0000000E+0
9.3849240E+1	2.2900919E+1	2.9992600E+1	2.5445442E+1	2.5142521E+1	0.0000000E+0	0.0000000E+0	0.0000000E+0	0.0000000E+0	0.0000000E+0	0.0000000E+0
9.5953196E+1	2.2677079E+1	2.9988606E+1	2.5445596E+1	2.5142367E+1	0.0000000E+0	0.0000000E+0	0.0000000E+0	0.0000000E+0	0.0000000E+0	0.0000000E+0
9.8057739E+1	2.2488513E+1	2.9985533E+1	2.5445442E+1	2.5143134E+1	0.0000000E+0	0.0000000E+0	0.0000000E+0	0.0000000E+0	0.0000000E+0	0.0000000E+0
