f[Hz] 	 GabsStart 	 GphiStart 	 GabsFit 	 GphiFit
860.0 	 0.002973311482395369 	 79.72349815761667 	 0.004128983025410535 	 80.2454526055757
861.0 	 0.002988750668315426 	 79.66955222233904 	 0.0041578444736363445 	 80.17659503539404
862.0 	 0.003004326186845708 	 79.61512054527638 	 0.004187066348424052 	 80.10686295875863
863.0 	 0.0030200398387402318 	 79.5601965294528 	 0.004216655368097323 	 80.03623968020581
864.0 	 0.0030358934557450246 	 79.5047734599105 	 0.004246618415330053 	 79.96470808233624
865.0 	 0.0030518889012482783 	 79.4488445011028 	 0.004276962542081586 	 79.89225061258384
866.0 	 0.0030680280709463547 	 79.39240269421914 	 0.00430769497470575 	 79.81884926949101
867.0 	 0.0030843128935260857 	 79.33544095443968 	 0.00433882311924066 	 79.74448558846943
868.0 	 0.003100745331363784 	 79.27795206811756 	 0.0043703545668864596 	 79.66914062702332
869.0 	 0.0031173273812414434 	 79.21992868988673 	 0.004402297099678589 	 79.59279494941254
870.0 	 0.003134061075080585 	 79.16136333969291 	 0.00443465869636444 	 79.51542861073042
871.0 	 0.0031509484806942598 	 79.10224839974529 	 0.004467447538491667 	 79.4370211403711
872.0 	 0.003167991702557666 	 79.04257611138686 	 0.004500672016716653 	 79.35755152485888
873.0 	 0.0031851928825979274 	 78.98233857188052 	 0.004534340737342177 	 79.27699819001151
874.0 	 0.003202554201003541 	 78.9215277311086 	 0.004568462529093582 	 79.19533898240769
875.0 	 0.00322007787705406 	 78.86013538818301 	 0.004603046450143288 	 79.11255115012723
876.0 	 0.0032377661699705415 	 78.7981531879633 	 0.004638101795393773 	 79.0286113227313
877.0 	 0.00325562137978735 	 78.73557261747976 	 0.004673638104029722 	 78.9434954904481
878.0 	 0.0032736458482459266 	 78.67238500225854 	 0.0047096651673505146 	 78.85717898252763
879.0 	 0.0032918419597110934 	 78.60858150254582 	 0.00474619303689458 	 78.76963644472754
880.0 	 0.003310212142110556 	 78.5441531094277 	 0.004783232032867858 	 78.68084181588979
881.0 	 0.0033287588678982266 	 78.47909064084277 	 0.004820792752888949 	 78.59076830356615
882.0 	 0.00334748465504205 	 78.4133847374837 	 0.004858886081064317 	 78.49938835864775
883.0 	 0.0033663920680370094 	 78.34702585858439 	 0.004897523197407246 	 78.40667364895252
884.0 	 0.003385483718943999 	 78.28000427758914 	 0.004936715587615079 	 78.31259503172082
885.0 	 0.0034047622684552996 	 78.21231007770012 	 0.004976475053219749 	 78.21712252496789
886.0 	 0.0034242304269874306 	 78.1439331472988 	 0.0050168137221274734 	 78.12022527763823
887.0 	 0.003443890955802078 	 78.07486317523784 	 0.005057744059563891 	 78.02187153850495
888.0 	 0.0034637466681559366 	 78.00508964599896 	 0.005099278879441902 	 77.9220286237533
889.0 	 0.0034838004304802743 	 77.93460183471237 	 0.005141431356170166 	 77.82066288318444
890.0 	 0.003504055163591013 	 77.86338880203344 	 0.00518421503692084 	 77.7177396649729
891.0 	 0.0035245138439302316 	 77.79143938887186 	 0.005227643854376177 	 77.61322327890608
892.0 	 0.003545179504839913 	 77.71874221096849 	 0.005271732139974274 	 77.50707695803187
893.0 	 0.0035660552378689145 	 77.64528565331472 	 0.005316494637675297 	 77.3992628186349
894.0 	 0.0035871441941140144 	 77.57105786440947 	 0.005361946518270205 	 77.28974181845874
895.0 	 0.0036084495855960397 	 77.49604675034811 	 0.005408103394255186 	 77.1784737130861
896.0 	 0.003629974686672021 	 77.42023996873795 	 0.005454981335295746 	 77.06541701038466
897.0 	 0.003651722835484439 	 77.34362492243432 	 0.005502596884305666 	 76.95052892292024
898.0 	 0.0036736974354485237 	 77.26618875309151 	 0.005550967074166786 	 76.83376531823481
899.0 	 0.0036959019567787093 	 77.1879183345221 	 0.005600109445116836 	 76.71508066687966
900.0 	 0.003718339938055359 	 77.10880026585819 	 0.005650042062833654 	 76.59442798808892
901.0 	 0.003741014987832821 	 77.02882086450822 	 0.005700783537245057 	 76.47175879297151
902.0 	 0.0037639307862900114 	 76.94796615890196 	 0.00575235304209496 	 76.34702302509298
903.0 	 0.003787091086924665 	 76.86622188101688 	 0.005804770335297414 	 76.22016899831134
904.0 	 0.0038104997182925216 	 76.78357345867799 	 0.005858055780111531 	 76.09114333172279
905.0 	 0.0038341605857926 	 76.70000600762394 	 0.005912230367171206 	 75.9598908815659
906.0 	 0.0038580776734999126 	 76.61550432333088 	 0.005967315737405116 	 75.82635466992275
907.0 	 0.003882255046046842 	 76.530052872586 	 0.006023334205883281 	 75.69047581004776
908.0 	 0.003906696850554593 	 76.44363578480193 	 0.0060803087866280895 	 75.55219342814347
909.0 	 0.0039314073186160065 	 76.35623684306316 	 0.006138263218428455 	 75.41144458139348
910.0 	 0.003956390768331151 	 76.26783947489511 	 0.006197221991697206 	 75.26816417205106
911.0 	 0.003981651606397154 	 76.17842674274614 	 0.0062572103764128644 	 75.12228485736948
912.0 	 0.004007194330253663 	 76.08798133417237 	 0.006318254451187877 	 74.97373695514942
913.0 	 0.004033023530285461 	 75.99648555171525 	 0.0063803811335065245 	 74.82244834466373
914.0 	 0.00405914389208372 	 75.90392130246046 	 0.006443618211176439 	 74.66834436270689
915.0 	 0.00408556019876751 	 75.81027008726751 	 0.006507994375038626 	 74.51134769450128
916.0 	 0.004112277333367003 	 75.71551298965798 	 0.006573539252981124 	 74.35137825917676
917.0 	 0.00413930028127012 	 75.61963066435034 	 0.006640283445302294 	 74.18835308952328
918.0 	 0.004166634132734119 	 75.5226033254291 	 0.006708258561469477 	 74.02218620569894
919.0 	 0.004194284085463886 	 75.42441073413458 	 0.006777497258319057 	 73.85278848255625
920.0 	 0.004222255447258529 	 75.32503218626047 	 0.006848033279743201 	 73.68006751023113
921.0 	 0.004250553638727985 	 75.22444649914456 	 0.006919901497907957 	 73.50392744761719
922.0 	 0.004279184196081426 	 75.12263199823833 	 0.00699313795604621 	 73.32426886832563
923.0 	 0.004308152773989096 	 75.0195665032399 	 0.007067779912866849 	 73.14098859870931
924.0 	 0.004337465148519426 	 74.91522731377499 	 0.007143865888619555 	 72.95397954750291
925.0 	 0.004367127220153126 	 74.80959119460918 	 0.007221435712850984 	 72.76313052660763
926.0 	 0.0043971450168760785 	 74.70263436037442 	 0.007300530573884655 	 72.56832606251922
927.0 	 0.004427524697352796 	 74.5943324597925 	 0.00738119307005126 	 72.36944619787215
928.0 	 0.004458272554182176 	 74.48466055937675 	 0.007463467262690411 	 72.16636628254106
929.0 	 0.004489395017237403 	 74.37359312659311 	 0.007547398730937132 	 71.9589567537101
930.0 	 0.004520898657091742 	 74.26110401246068 	 0.007633034628297543 	 71.74708290428774
931.0 	 0.004552790188531923 	 74.14716643357137 	 0.007720423741006976 	 71.53060463901177
932.0 	 0.0045850764741608785 	 74.03175295350724 	 0.007809616548151287 	 71.30937621755228
933.0 	 0.0046177645280915626 	 73.91483546363324 	 0.007900665283516689 	 71.08324598388516
934.0 	 0.00465086151973343 	 73.79638516324253 	 0.007993623999115287 	 70.85205608117049
935.0 	 0.00468437477767323 	 73.67637253903062 	 0.008088548630312433 	 70.61564215133214
936.0 	 0.0047183117936516255 	 73.55476734387331 	 0.008185497062457248 	 70.37383301849493
937.0 	 0.004752680226637152 	 73.43153857488277 	 0.008284529198888686 	 70.12645035539599
938.0 	 0.004787487906998857 	 73.30665445071526 	 0.008385707030155624 	 69.87330833184757
939.0 	 0.00482274284077889 	 73.18008238810265 	 0.008489094704250364 	 69.61421324428831
940.0 	 0.004858453214066266 	 73.05178897757914 	 0.008594758597609475 	 69.34896312542054
941.0 	 0.0048946273974727885 	 72.92173995837311 	 0.008702767386583118 	 69.07734733289455
942.0 	 0.004931273950712024 	 72.78990019243368 	 0.008813192119013106 	 68.79914611596439
943.0 	 0.004968401627281965 	 72.6562336375597 	 0.008926106285489496 	 68.5141301590086
944.0 	 0.005006019379252025 	 72.52070331959776 	 0.009041585889774998 	 68.22206010077903
945.0 	 0.005044136362154454 	 72.38327130367539 	 0.0091597095177923 	 67.92268602822166
946.0 	 0.0050827619399803165 	 72.24389866443319 	 0.009280558404462937 	 67.61574694369503
947.0 	 0.005121905690279673 	 72.10254545521977 	 0.009404216497562515 	 67.30097020440851
948.0 	 0.005161577409365458 	 71.95917067621023 	 0.009530770517616307 	 66.97807093290683
949.0 	 0.005201787117619964 	 71.8137322414099 	 0.00966031001269647 	 66.64675139744907
950.0 	 0.005242545064902665 	 71.66618694450149 	 0.009792927406797547 	 66.30670036116769
951.0 	 0.005283861736057478 	 71.51649042349406 	 0.009928718040254214 	 65.95759239895358
952.0 	 0.0053257478565172395 	 71.36459712412956 	 0.01006778020042383 	 65.5990871810994
953.0 	 0.005368214398002337 	 71.2104602620025 	 0.01021021514057923 	 65.23082872285364
954.0 	 0.005411272584310156 	 71.05403178334572 	 0.010356127084643646 	 64.8524445991933
955.0 	 0.005454933897191035 	 70.89526232443451 	 0.01050562321504104 	 64.46354512432788
956.0 	 0.005499210082305802 	 70.73410116955955 	 0.010658813640528732 	 64.06372249570639
957.0 	 0.005544113155259019 	 70.570496207518 	 0.010815811340418108 	 63.652549902623
958.0 	 0.005589655407701273 	 70.40439388656998 	 0.010976732081067265 	 63.2295805999196
959.0 	 0.00563584941349267 	 70.23573916780688 	 0.011141694299939362 	 62.794346947777996
960.0 	 0.005682708034918593 	 70.06447547687635 	 0.011310818951855314 	 62.34635941919747
961.0 	 0.005730244428947613 	 69.89054465400692 	 0.011484229311321799 	 61.88510557748336
962.0 	 0.005778472053519861 	 69.7138869022749 	 0.011662050723975944 	 61.41004902695236
963.0 	 0.005827404673852968 	 69.5344407340535 	 0.011844410299251228 	 60.92062834111233
964.0 	 0.005877056368750589 	 69.35214291558438 	 0.012031436535323077 	 60.41625597383322
965.0 	 0.005927441536897025 	 69.1669284096096 	 0.012223258866234982 	 59.8963171605151
966.0 	 0.005978574903119336 	 68.97873031600116 	 0.01242000711982691 	 59.36016881802252
967.0 	 0.006030471524595952 	 68.7874798103252 	 0.012621810873683944 	 58.807138454232025
968.0 	 0.006083146796988625 	 68.5931060802756 	 0.012828798694794937 	 58.23652310047089
969.0 	 0.006136616460471601 	 68.39553625991341 	 0.013041097246957716 	 57.6475882829699
970.0 	 0.00619089660562931 	 68.19469536164523 	 0.013258830248200754 	 57.03956705275352
971.0 	 0.006246003679190163 	 67.99050620587701 	 0.01348211725862217 	 56.41165909722196
972.0 	 0.006301954489561 	 67.78288934827722 	 0.013711072277106684 	 55.763029961081436
973.0 	 0.006358766212122673 	 67.57176300458465 	 0.013945802123403728 	 55.09281040933089
974.0 	 0.006416456394242931 	 67.35704297289816 	 0.014186404580091322 	 54.4000959707716
975.0 	 0.006475042959958312 	 67.13864255338541 	 0.014432966267090295 	 53.683946707020176
976.0 	 0.006534544214271648 	 66.91647246535068 	 0.014685560219731443 	 52.94338725933133
977.0 	 0.0065949788470063535 	 66.69044076160348 	 0.014944243140052457 	 52.177407233701665
978.0 	 0.0066563659361524394 	 66.46045274007372 	 0.015209052290185805 	 51.38496199373851
979.0 	 0.00671872495063283 	 66.22641085262234 	 0.015480001996618857 	 50.56497394060708
980.0 	 0.006782075752411348 	 65.98821461100124 	 0.015757079735038915 	 49.716334369942125
981.0 	 0.00684643859785594 	 65.74576048992189 	 0.01604024176776147 	 48.83790600677948
982.0 	 0.006911834138262028 	 65.49894182719925 	 0.016329408309789788 	 47.92852633110426
983.0 	 0.006978283419431856 	 65.24764872094502 	 0.01662445820585658 	 46.98701181816959
984.0 	 0.007045807880195519 	 64.99176792379357 	 0.016925223109911763 	 46.01216322884159
985.0 	 0.007114429349748333 	 64.73118273415507 	 0.01723148117107601 	 45.00277209520931
986.0 	 0.007184170043667335 	 64.46577288450274 	 0.01754295024676312 	 43.95762855469467
987.0 	 0.007255052558456789 	 64.1954144267156 	 0.01785928068519431 	 42.87553069080956
988.0 	 0.007327099864458615 	 63.9199796145142 	 0.018180047746573728 	 41.75529553915907
989.0 	 0.007400335296948207 	 63.639336783046765 	 0.01850474376536441 	 40.595771911630486
990.0 	 0.007474782545219896 	 63.353350225703906 	 0.018832770195810058 	 39.3958551779894
991.0 	 0.007550465639448318 	 63.0618800682651 	 0.019163429729180496 	 38.15450412013939
992.0 	 0.0076274089350929376 	 62.76478214050732 	 0.019495918723792784 	 36.87075993770293
993.0 	 0.007705637094591872 	 62.46190784543879 	 0.01982932024660673 	 35.54376743192787
994.0 	 0.007785175066068964 	 62.153104026355614 	 0.020162598086164253 	 34.17279832589994
995.0 	 0.007866048058754226 	 61.83821283195827 	 0.020494592157764887 	 32.75727659078386
996.0 	 0.007948281514791301 	 61.51707157981175 	 0.02082401577867219 	 31.296805539251007
997.0 	 0.008031901077078473 	 61.18951261848164 	 0.021149455338044628 	 29.79119631851666
998.0 	 0.008116932552759635 	 60.855363188735886 	 0.021469372915977506 	 28.240497288474884
999.0 	 0.008203401871950284 	 60.51444528426376 	 0.021782112410164048 	 26.645023609513522
1000.0 	 0.008291335041249414 	 60.16657551243559 	 0.022085909698178197 	 25.005386196802018
1001.0 	 0.008380758091552773 	 59.8115649557027 	 0.022378907289369615 	 23.3225190333521
1002.0 	 0.00847169701964454 	 59.44921903432546 	 0.02265917379531313 	 21.597703686382427
1003.0 	 0.008564177723004844 	 59.079337371212134 	 0.022924728367035366 	 19.832589756650517
1004.0 	 0.008658225927227828 	 58.701713659759506 	 0.02317357001079199 	 18.029209926537632
1005.0 	 0.008753867105401268 	 58.316135535702436 	 0.023403711408178172 	 16.189988278094802
1006.0 	 0.008851126388752902 	 57.92238445410928 	 0.023613216544497828 	 14.317740643407722
1007.0 	 0.008950028467820533 	 57.52023557280468 	 0.02380024111322298 	 12.415665938333769
1008.0 	 0.009050597483354697 	 57.10945764365627 	 0.02396307434289098 	 10.487327721287171
1009.0 	 0.0091528569061125 	 56.68981291333529 	 0.024100180619771674 	 8.536625605859333
1010.0 	 0.009256829404651359 	 56.26105703534723 	 0.024210239090291883 	 6.567756622687417
1011.0 	 0.00936253670018078 	 55.82293899533658 	 0.024292179353223493 	 4.585167143590615
1012.0 	 0.009469999407481644 	 55.37520105189049 	 0.024345211415902266 	 2.5934965110236683
1013.0 	 0.009579236860854972 	 54.91757869530874 	 0.024368848300500182 	 0.5975140134805084
1014.0 	 0.009690266924018198 	 54.449800627069024 	 0.02436292003804583 	 -1.3979487335331786
1015.0 	 0.00980310578282678 	 53.9715887629986 	 0.024327578254353593 	 -3.388067642312981
1016.0 	 0.009917767719665606 	 53.48265826346549 	 0.024263291092866464 	 -5.36809573663051
1017.0 	 0.010034264868329125 	 52.98271759422373 	 0.02417082878395994 	 -7.333429975426973
1018.0 	 0.010152606948193331 	 52.4714686218934 	 0.024051240704535723 	 -9.27967301019364
1019.0 	 0.010272800976480733 	 51.9486067484167 	 0.023905825226116575 	 -11.202687897520065
1020.0 	 0.010394850957433036 	 51.41382108921399 	 0.023736093985591577 	 -13.098644227885245
1021.0 	 0.010518757547239795 	 50.86679470016072 	 0.023543732407447292 	 -14.964054640250756
1022.0 	 0.01064451769362798 	 50.30720485891899 	 0.023330558354502033 	 -16.795801223014756
1023.0 	 0.010772124249102916 	 49.73472340657812 	 0.023098480697026372 	 -18.591151811496438
1024.0 	 0.010901565556949454 	 49.1490171559857 	 0.022849459391830456 	 -20.34776664370742
1025.0 	 0.01103282500925997 	 48.54974837357549 	 0.022585468385622247 	 -22.0636962035917
1026.0 	 0.01116588057645832 	 47.936575341916146 	 0.022308462335668036 	 -23.73737134975701
1027.0 	 0.011300704308043506 	 47.309153010602614 	 0.022020347808605692 	 -25.36758699480926
1028.0 	 0.01143726180459147 	 46.667133743477414 	 0.021722959302917587 	 -26.953480671966062
1029.0 	 0.011575511661433033 	 46.01016817049682 	 0.021418040162508374 	 -28.49450731467885
1030.0 	 0.01171540488488255 	 45.337906152816245 	 0.021107228220629364 	 -29.99041149861424
1031.0 	 0.011856884282429035 	 44.64999786985541 	 0.02079204584036377 	 -31.441198271930485
1032.0 	 0.01199988382893102 	 43.94609503718286 	 0.020473893899376337 	 -32.84710354715404
1033.0 	 0.01214432801158143 	 43.225852264018116 	 0.02015404919768316 	 -34.20856486173095
1034.0 	 0.012290131157239849 	 42.48892855894656 	 0.019833664740197463 	 -35.52619314727113
1035.0 	 0.01243719674666805 	 41.73498899205864 	 0.019513772351971576 	 -36.80074598910022
1036.0 	 0.012585416721255658 	 40.963706521116166 	 0.019195287114536178 	 -38.03310271443472
1037.0 	 0.012734670788984657 	 40.174763988489104 	 0.018879013158433752 	 -39.22424152299538
1038.0 	 0.012884825737652353 	 39.36785629444479 	 0.01856565040302975 	 -40.37521876970222
1039.0 	 0.013035734764742762 	 38.54269275087743 	 0.01825580189443179 	 -41.487150425093134
1040.0 	 0.013187236834792001 	 37.69899961770306 	 0.01794998145170126 	 -42.56119567398422
1041.0 	 0.01333915607661597 	 36.83652282185944 	 0.017648621387599886 	 -43.59854256467423
1042.0 	 0.01349130123432747 	 35.95503085612715 	 0.01735208012105277 	 -44.60039558731182
1043.0 	 0.01364346518762893 	 35.05431785178718 	 0.017060649543342722 	 -45.56796503847387
1044.0 	 0.01379542455837964 	 34.13420681543526 	 0.01677456203843959 	 -46.50245801719329
1045.0 	 0.01394693942184438 	 33.1945530160777 	 0.0164939970899267 	 -47.40507089347861
1046.0 	 0.01409775314226681 	 32.23524750394229 	 0.01621908743312463 	 -48.27698309190914
1047.0 	 0.014247592353395918 	 31.256220737284924 	 0.015949924731819453 	 -49.119352038566895
1048.0 	 0.014396167105240451 	 30.257446287901754 	 0.015686564775144993 	 -49.93330912807593
1049.0 	 0.014543171198537737 	 29.238944590150265 	 0.015429032202334561 	 -50.71995657780649
1050.0 	 0.014688282728099059 	 28.20078669214674 	 0.015177324771906456 	 -51.48036504755076
1051.0 	 0.014831164855230058 	 27.143097961591476 	 0.014931417197987639 	 -52.21557191456575
1052.0 	 0.014971466827725405 	 26.066061692539648 	 0.014691264580447099 	 -52.92658010536628
1053.0 	 0.015108825263410543 	 24.969922553613696 	 0.014456805457776186 	 -53.61435739670624
1054.0 	 0.015242865709781221 	 23.854989812871338 	 0.014227964512608614 	 -54.279836108611676
1055.0 	 0.015373204487925535 	 22.7216402700899 	 0.014004654959749773 	 -54.92391312198527
1056.0 	 0.015499450823594482 	 21.570320823876422 	 0.0137867806458468 	 -55.547450162136435
1057.0 	 0.01562120926204362 	 20.401550599087088 	 0.013574237888596774 	 -56.15127429757113
1058.0 	 0.01573808235618455 	 19.215922559816295 	 0.013366917081824728 	 -56.73617861052737
1059.0 	 0.015849673609794824 	 18.014104534997625 	 0.013164704091002696 	 -57.30292300208682
1060.0 	 0.015955590649238988 	 16.796839587654034 	 0.012967481461918949 	 -57.852235100296475
1061.0 	 0.01605544858860537 	 15.564945665245022 	 0.012775129463322538 	 -58.3848112446406
1062.0 	 0.016148873544674758 	 14.319314477476082 	 0.012587526982514497 	 -58.90131752447825
1063.0 	 0.016235506250065954 	 13.060909559345513 	 0.012404552291069114 	 -59.40239085277212
1064.0 	 0.016315005705635544 	 11.790763491003693 	 0.01222608369617454 	 -59.88864005963455
1065.0 	 0.016387052807144496 	 10.509974261939037 	 0.012052000091495676 	 -60.36064699296648
1066.0 	 0.0164513538767298 	 9.21970078471615 	 0.011882181419992787 	 -60.81896761581726
1067.0 	 0.016507644027184697 	 7.9211575824688945 	 0.011716509059777872 	 -61.26413309209884
1068.0 	 0.016555690286740553 	 6.615608693998044 	 0.011554866142858415 	 -61.696650853990036
1069.0 	 0.016595294414151373 	 5.304360859939958 	 0.01139713781549976 	 -62.11700564580363
1070.0 	 0.016626295338492338 	 3.988756072317436 	 0.011243211447928185 	 -62.52566054029907
1071.0 	 0.016648571165152292 	 2.670163587079704 	 0.011092976800188779 	 -62.923057924438474
1072.0 	 0.016662040698851372 	 1.349971514264547 	 0.01094632615015964 	 -63.30962045242897
1073.0 	 0.016666664445841386 	 0.02957811250157141 	 0.010803154388998749 	 -63.68575196459454
1074.0 	 0.016662445070325306 	 -1.2896170768315702 	 0.010663359088653573 	 -64.0518383711996
1075.0 	 0.016649427294044873 	 -2.6062221157797847 	 0.010526840545490012 	 -64.40824850081958
1076.0 	 0.016627697242349842 	 -3.918861435690089 	 0.010393501803588919 	 -64.75533491323867
1077.0 	 0.01659738125426915 	 -5.226184345717048 	 0.010263248660809146 	 -65.0934346771637
1078.0 	 0.01655864418755419 	 -6.526873154381397 	 0.010135989660318895 	 -65.42287011328969
1079.0 	 0.01651168726180642 	 -7.819650785736178 	 0.010011636069947615 	 -65.74394950344585
1080.0 	 0.016456745493165816 	 -9.103287785939058 	 0.009890101851402246 	 -66.05696776669936
1081.0 	 0.016394084782261696 	 -10.376608632740643 	 0.009771303621121614 	 -66.36220710340477
1082.0 	 0.01632399872297598 	 -11.638497278878251 	 0.009655160604304705 	 -66.6599376082681
1083.0 	 0.016246805202935654 	 -12.887901879838717 	 0.009541594583439856 	 -66.95041785355043
1084.0 	 0.016162842867562872 	 -14.123838676157812 	 0.009430529842480143 	 -67.23389544356824
1085.0 	 0.016072467518108802 	 -15.34539501967122 	 0.009321893107649642 	 -67.51060754166632
1086.0 	 0.01597604851062621 	 -16.551731551257504 	 0.009215613485726186 	 -67.78078137084124
1087.0 	 0.01587396521761278 	 -17.742083554111286 	 0.009111622400523817 	 -68.04463468918634
1088.0 	 0.015766603607452523 	 -18.91576152102593 	 0.009009853528192325 	 -68.30237624131121
1089.0 	 0.015654352989186562 	 -20.072150986289223 	 0.00891024273185805 	 -68.5542061868657
1090.0 	 0.015537602961948812 	 -21.210711682432876 	 0.008812727996049655 	 -68.8003165072695
1091.0 	 0.015416740599974815 	 -22.33097608920004 	 0.008717249361282556 	 -69.04089139171442
1092.0 	 0.01529214789576249 	 -23.432547446777974 	 0.008623748859114643 	 -69.2761076034715
1093.0 	 0.015164199476011551 	 -24.51509730773583 	 0.008532170447933222 	 -69.50613482749606
1094.0 	 0.015033260597616147 	 -25.578362702439563 	 0.00844245994968715 	 -69.73113600028601
1095.0 	 0.014899685424397253 	 -26.62214299124394 	 0.008354564987739024 	 -69.95126762290721
1096.0 	 0.014763815579542471 	 -27.64629647379758 	 0.008268434925977867 	 -70.16668005806068
1097.0 	 0.01462597896392712 	 -28.650736821625387 	 0.00818402080930345 	 -70.37751781202682
1098.0 	 0.01448648882662884 	 -29.63542939508556 	 0.00810127530556806 	 -70.58391980228234
1099.0 	 0.01434564307099171 	 -30.600387500098087 	 0.008020152649040201 	 -70.78601961154644
1100.0 	 0.014203723777484486 	 -31.54566863398273 	 0.007940608585435853 	 -70.9839457289771
1101.0 	 0.014060996923254465 	 -32.47137076352926 	 0.007862600318547222 	 -71.17782177920084
1102.0 	 0.013917712277611693 	 -33.37762867224474 	 0.007786086458485832 	 -71.36776673982426
1103.0 	 0.013774103452587158 	 -34.26461040774297 	 0.007711026971544991 	 -71.55389514804301
1104.0 	 0.013630388088096818 	 -35.132513854558916 	 0.007637383131677757 	 -71.73631729693024
1105.0 	 0.01348676815201076 	 -35.981563452397864 	 0.007565117473577808 	 -71.9151394219569
1106.0 	 0.013343430336487772 	 -36.81200707499174 	 0.007494193747344894 	 -72.09046387826551
1107.0 	 0.013200546533203815 	 -37.62411308040413 	 0.007424576874710408 	 -72.26238930919145
1108.0 	 0.013058274371510983 	 -38.41816753978075 	 0.007356232906794532 	 -72.43101080649916
1109.0 	 0.012916757805047457 	 -39.19447164820378 	 0.007289128983362754 	 -72.59642006277454
1110.0 	 0.012776127733829162 	 -39.9533393184457 	 0.007223233293546814 	 -72.75870551639102
1111.0 	 0.012636502650348628 	 -40.69509495601372 	 0.007158515037993013 	 -72.91795248944342
1112.0 	 0.012497989299652961 	 -41.42007141189603 	 0.007094944392398892 	 -73.07424331902283
1113.0 	 0.012360683344749773 	 -42.12860810781754 	 0.007032492472398789 	 -73.22765748218343
1114.0 	 0.012224670029975704 	 -42.82104932756918 	 0.006971131299757308 	 -73.37827171493485
1115.0 	 0.012090024836150967 	 -43.49774266702446 	 0.006910833769829983 	 -73.52616012557291
1116.0 	 0.011956814122424567 	 -44.15903763478588 	 0.006851573620249789 	 -73.67139430264639
1117.0 	 0.011825095750690573 	 -44.80528439495267 	 0.006793325400798783 	 -73.81404341783906
1118.0 	 0.011694919689323128 	 -45.43683264325628 	 0.006736064444424052 	 -73.95417432403214
1119.0 	 0.011566328593744244 	 -46.05403060771901 	 0.006679766839358022 	 -74.09185164879645
1120.0 	 0.011439358362005424 	 -46.65722416504378 	 0.006624409402303466 	 -74.22713788355111
1121.0 	 0.011314038664141716 	 -47.24675606409474 	 0.006569969652644715 	 -74.36009346861076
1122.0 	 0.011190393444548776 	 -47.82296524807431 	 0.006516425787647087 	 -74.49077687433288
1123.0 	 0.011068441397049461 	 -48.38618626730994 	 0.006463756658607504 	 -74.61924467856365
1124.0 	 0.010948196412664344 	 -48.93674877491733 	 0.006411941747920559 	 -74.74555164057071
1125.0 	 0.01082966800038504 	 -49.47497709800175 	 0.00636096114702483 	 -74.8697507716404
1126.0 	 0.010712861681481124 	 -50.00118987746752 	 0.006310795535195677 	 -74.99189340250763
1127.0 	 0.010597779358054227 	 -50.51569976993332 	 0.00626142615915146 	 -75.11202924777747
1128.0 	 0.010484419656695887 	 -51.01881320567317 	 0.006212834813441631 	 -75.23020646748793
1129.0 	 0.01037277824821105 	 -51.51083019693196 	 0.006165003821585686 	 -75.346471725957
1130.0 	 0.010262848144446217 	 -51.99204419137471 	 0.0061179160179334864 	 -75.4608702480472
1131.0 	 0.010154619973310734 	 -52.462741965834304 	 0.006071554730218184 	 -75.5734458729759
1132.0 	 0.010048082233109117 	 -52.92320355590652 	 0.006025903762774239 	 -75.68424110579068
1133.0 	 0.00994322152731288 	 -53.373702217310694 	 0.005980947380393915 	 -75.79329716662413
1134.0 	 0.009840022780896723 	 -53.814504415284134 	 0.005936670292796624 	 -75.90065403783602
1135.0 	 0.009738469439348738 	 -54.245869838605095 	 0.0058930576396865955 	 -76.00635050914417
1136.0 	 0.009638543651439221 	 -54.66805143514939 	 0.005850094976375169 	 -76.11042422084128
1137.0 	 0.009540226436800706 	 -55.081295466172406 	 0.00580776825994497 	 -76.2129117051891
1138.0 	 0.00944349783933426 	 -55.48584157677596 	 0.005766063835934105 	 -76.31384842607656
1139.0 	 0.00934833706741578 	 -55.88192288026591 	 0.005724968425519508 	 -76.41326881702406
1140.0 	 0.009254722621831362 	 -56.26976605433627 	 0.005684469113179207 	 -76.51120631761201
1141.0 	 0.009162632412325284 	 -56.64959144722477 	 0.00564455333481428 	 -76.6076934084071
1142.0 	 0.009072043863597019 	 -57.02161319217831 	 0.005605208866311908 	 -76.7027616444569
1143.0 	 0.008982934011537179 	 -57.3860393287427 	 0.0055664238125318205 	 -76.79644168741858
1144.0 	 0.008895279590445646 	 -57.743071929552364 	 0.005528186596699098 	 -76.8887633363854
1145.0 	 0.008809057111929544 	 -58.09290723144345 	 0.005490485950186938 	 -76.97975555747026
1146.0 	 0.008724242936134632 	 -58.43573576984586 	 0.005453310902673798 	 -77.06944651220356
1147.0 	 0.008640813335920771 	 -58.77174251553142 	 0.005416650772659912 	 -77.15786358479883
1148.0 	 0.008558744554550923 	 -59.10110701290578 	 0.005380495158328752 	 -77.24503340833773
1149.0 	 0.008478012857423955 	 -59.42400351912967 	 0.005344833928739697 	 -77.3309818899228
1150.0 	 0.0083985945783442 	 -59.74060114344468 	 0.005309657215338727 	 -77.41573423484414
1151.0 	 0.008320466160785016 	 -60.05106398616025 	 0.0052749554037744275 	 -77.4993149698042
1152.0 	 0.008243604194570512 	 -60.35555127682916 	 0.005240719126007308 	 -77.5817479652421
1153.0 	 0.008167985448367564 	 -60.654217511206 	 0.005206939252700656 	 -77.6630564567974
1154.0 	 0.008093586898351192 	 -60.94721258663889 	 0.005173606885881983 	 -77.74326306595086
1155.0 	 0.008020385753378188 	 -61.234681935598346 	 0.005140713351864297 	 -77.82238981987824
1156.0 	 0.007948359476978022 	 -61.5167666570933 	 0.005108250194417013 	 -77.90045817055143
1157.0 	 0.007877485806446108 	 -61.79360364576487 	 0.005076209168176757 	 -77.9774890131189
1158.0 	 0.007807742769301506 	 -62.06532571848622 	 0.005044582232288678 	 -78.05350270359713
1159.0 	 0.007739108697350587 	 -62.33206173832862 	 0.005013361544269275 	 -78.12851907590185
1160.0 	 0.007671562238578297 	 -62.59393673578334 	 0.004982539454082151 	 -78.2025574582475
1161.0 	 0.007605082367070958 	 -62.85107202715393 	 0.004952108498418462 	 -78.27563668894176
1162.0 	 0.007539648391157529 	 -63.1035853300561 	 0.00492206139517416 	 -78.34777513160006
1163.0 	 0.007475239959940917 	 -63.35159087598189 	 0.004892391038116466 	 -78.41899068980509
1164.0 	 0.007411837068376347 	 -63.595199519903126 	 0.004863090491732264 	 -78.48930082123373
1165.0 	 0.007349420061041036 	 -63.83451884690199 	 0.004834152986251582 	 -78.55872255127412
1166.0 	 0.007287969634726758 	 -64.06965327583178 	 0.004805571912839398 	 -78.6272724861534
1167.0 	 0.00722746683997575 	 -64.30070416002155 	 0.004777340818949381 	 -78.69496682559645
1168.0 	 0.007167893081670275 	 -64.5277698850471 	 0.004749453403833529 	 -78.76182137503471
1169.0 	 0.007109230118776282 	 -64.75094596360073 	 0.00472190351420173 	 -78.82785155738347
1170.0 	 0.007051460063333086 	 -64.97032512749755 	 0.004694685140025713 	 -78.89307242440474
1171.0 	 0.006994565378772662 	 -65.18599741686404 	 0.004667792410481874 	 -78.95749866767297
1172.0 	 0.00693852887764502 	 -65.39805026655735 	 0.004641219590027918 	 -79.02114462915877
1173.0 	 0.00688333371881907 	 -65.60656858986975 	 0.004614961074608267 	 -79.08402431144658
1174.0 	 0.006828963404222273 	 -65.81163485957502 	 0.004589011387983508 	 -79.1461513876001
1175.0 	 0.006775401775176495 	 -66.01332918637648 	 0.004563365178179268 	 -79.20753921068994
1176.0 	 0.006722633008382468 	 -66.21172939481843 	 0.004538017214050188 	 -79.2682008229965
1177.0 	 0.006670641611600181 	 -66.40691109672387 	 0.004512962381954752 	 -79.32814896490052
1178.0 	 0.006619412419068143 	 -66.59894776222376 	 0.004488195682536887 	 -79.38739608347413
1179.0 	 0.006568930586700695 	 -66.78791078844127 	 0.004463712227610558 	 -79.44595434078296
1180.0 	 0.006519181587098407 	 -66.97386956589787 	 0.0044395072371435276 	 -79.50383562191162
1181.0 	 0.006470151204403582 	 -67.15689154270527 	 0.004415576036336789 	 -79.56105154272191
1182.0 	 0.006421825529029568 	 -67.33704228660879 	 0.004391914052796165 	 -79.61761345735502
1183.0 	 0.006374190952289861 	 -67.51438554494669 	 0.004368516813792838 	 -79.67353246548667
1184.0 	 0.006327234160950363 	 -67.68898330258868 	 0.004345379943609611 	 -79.72881941934497
1185.0 	 0.006280942131725758 	 -67.86089583791724 	 0.00432249916096986 	 -79.78348493049953
1186.0 	 0.006235302125738883 	 -68.0301817769134 	 0.004299870276546261 	 -79.83753937643081
1187.0 	 0.0061903016829599426 	 -68.19689814540772 	 0.00427748919054647 	 -79.8909929068875
1188.0 	 0.006145928616640711 	 -68.36110041955612 	 0.004255351890373092 	 -79.9438554500399
1189.0 	 0.0061021710077570485 	 -68.52284257459935 	 0.004233454448355282 	 -79.99613671843699
